userId,movieId,rating
600,3,2.898648810799813
600,6,2.7682734291011957
600,8,3.105149873245474
600,9,2.716534440711054
600,10,2.8478710825451374
600,11,2.913060269214026
600,12,2.927328335361294
600,13,2.9587986240164263
600,14,2.8171797402648306
600,15,2.8414862029234045
600,16,2.8436707594185617
600,18,2.932672863405187
600,20,2.873589917743724
600,21,2.8868684865327574
600,22,2.8591860732573737
600,23,2.7311162733945373
600,25,2.8796901466345264
600,26,2.833666075630998
600,27,2.8660131875572166
600,28,2.8877247030061133
600,30,3.0035821014544015
600,31,2.81332155980929
600,36,2.8483061127416405
600,38,2.8908563582408675
600,40,3.0144206374623206
600,41,2.863115842789478
600,42,2.822850148884408
600,43,2.854932093785164
600,44,2.9585945415485293
600,45,2.9190592289317707
600,48,2.976751742408239
600,49,2.9245583407030185
600,50,2.878158577477269
600,53,3.038203991282226
600,54,2.883757511472835
600,55,2.8564684280178745
600,57,2.8800622029749468
600,58,3.0464953448675884
600,60,2.9765813656227085
600,61,2.834320227866097
600,63,2.9228584661228636
600,64,3.0651518460007883
600,65,2.8783468786232125
600,66,2.7472237220395606
600,68,3.0651518460007883
600,69,2.8929567162596364
600,70,2.9708071558185374
600,71,2.679575375166841
600,74,2.892666695738278
600,75,2.9275378103989786
600,76,2.7462326328672932
600,77,3.9576412683795246
600,78,2.8524201783149263
600,79,2.8180183713147353
600,80,3.0237619732078374
600,81,2.8654360323750505
600,82,3.0521298062141087
600,83,3.0172295426558544
600,85,3.0172295426558544
600,86,2.873065800511947
600,87,2.8825941673668933
600,88,2.903040479378134
600,89,2.7640495279949886
600,92,2.8517069990628126
600,93,2.92843297496619
600,94,2.94112544097209
600,95,2.799610153478833
600,96,2.9706852825829895
600,97,3.0035821014544015
600,99,2.9082857593955294
600,100,2.8319719521092335
600,102,2.881212115155763
600,103,2.7678498464499723
600,105,2.8659761010027065
600,106,3.0521298062141087
600,107,2.9510090647945373
600,108,2.8790887441627784
600,111,3.0187886407512714
600,112,3.028077732009814
600,113,2.8618051265282958
600,116,2.883516010418271
600,117,2.8885552918848947
600,118,2.9055136279172302
600,119,2.879692817435783
600,121,2.9977610218990494
600,122,2.894625825742348
600,123,3.0206093777640772
600,125,3.0835610246588048
600,126,3.060988413587271
600,128,3.9576412683795246
600,129,2.9048469897964075
600,132,2.7709716502702855
600,135,3.0835610246588048
600,137,2.823390761330459
600,140,3.0172295426558544
600,144,2.909897670995879
600,146,2.850905968088773
600,147,2.877906750138738
600,148,2.9256994905159495
600,149,2.8641138697266957
600,152,2.8792799060440886
600,153,2.9108713680616995
600,154,3.0144206374623206
600,155,2.8733768200960226
600,156,2.9228267185641914
600,157,2.8778290417782126
600,158,2.9024689315388814
600,159,2.879152137532234
600,162,2.8247641488678354
600,163,2.793460779287694
600,164,2.7574381597508535
600,166,2.913863125311554
600,168,2.8639767385328656
600,169,2.891697285719008
600,170,2.8207580472621694
600,171,2.929154213189281
600,173,2.763963292218529
600,174,2.865271269795189
600,175,2.8582494125809683
600,176,2.9436698679292275
600,177,2.7914046577464093
600,178,3.0521298062141087
600,179,2.8587532291312003
600,180,2.905391100597243
600,183,3.0003260769246327
600,184,2.8449493994224397
600,187,2.9121442923592533
600,188,2.910001740067614
600,189,2.991093512692008
600,190,2.789744942398209
600,191,2.8610688360085197
600,194,2.9259856006504967
600,196,2.7825026355239473
600,198,2.8646148459951086
600,199,3.0426195711597814
600,201,2.9581719077732025
600,202,2.889103353069149
600,204,2.7059412371511584
600,205,2.924523299006415
600,206,2.808121329131489
600,207,2.8827931667032862
600,209,2.8356140686825624
600,210,2.7536651381155166
600,211,2.8962446871740095
600,212,2.9395229384052475
600,213,3.0144206374623206
600,214,3.0100467818006167
600,215,2.891810813648176
600,217,2.8425139875066856
600,218,2.9187740835769236
600,219,2.8533822064520953
600,220,2.785229867059785
600,222,2.925328649472415
600,224,2.934269724356817
600,227,2.7330598142109235
600,228,2.892388347797559
600,229,2.841398808782303
600,230,2.8289184482381797
600,232,3.0464953448675884
600,233,2.886432292379192
600,234,2.910383186477362
600,235,2.950821009548792
600,236,2.8788905269335925
600,238,3.105149873245474
600,240,2.750929448506439
600,241,2.869876687298448
600,242,3.0516234620752
600,243,2.974896287521095
600,246,2.880149953903009
600,248,2.8591928786747483
600,249,2.9233661681133043
600,250,3.0764933419224576
600,251,2.7172792818653333
600,254,2.829567405841321
600,255,3.0835610246588048
600,257,2.734848138784031
600,258,3.0436797791899295
600,259,2.8285638174316086
600,263,3.0144206374623206
600,265,3.13100151729151
600,267,2.871669603292093
600,269,3.0144206374623206
600,270,2.854471941057392
600,271,2.825338900368603
600,272,3.0013427843964653
600,273,2.996431587713261
600,274,2.868654923932054
600,275,2.889797118100763
600,276,2.918683214095122
600,278,2.8636054337226136
600,279,2.8700820752557687
600,280,2.835238296481761
600,281,2.951783725205576
600,283,2.8481947750659984
600,284,2.8179512351021683
600,285,3.0237309472795206
600,287,2.927719119471377
600,288,2.805963988372425
600,289,2.9174074806821286
600,290,2.9119779271064368
600,291,2.950635431899275
600,293,2.9118130107700058
600,294,2.9126243548030173
600,295,2.894195017603109
600,298,3.0144206374623206
600,299,3.0144206374623206
600,300,2.8293860361980454
600,301,3.0172295426558544
600,302,3.0172295426558544
600,303,2.7374879936917393
600,304,2.912279392224958
600,305,3.0835610246588048
600,306,3.0144206374623206
600,307,3.0144206374623206
600,308,3.0521298062141087
600,310,2.890091424725247
600,311,2.796952894083995
600,312,2.8954107691100903
600,313,3.0146852516958815
600,314,2.9868032542894896
600,315,2.804643019027913
600,316,2.836431673397911
600,319,2.9632743811080045
600,320,2.771807374790806
600,321,3.0144206374623206
600,322,2.9546460016911067
600,324,2.9806461527171355
600,325,2.882663742150265
600,326,3.0144206374623206
600,328,2.884347589919297
600,330,2.824946838965612
600,331,2.852961143119451
600,333,3.0835610246588048
600,334,2.9120059356146046
600,335,2.851181258831845
600,336,2.820643970227184
600,338,2.7615192821169794
600,340,2.913037607754138
600,341,3.0144206374623206
600,345,3.0521298062141087
600,347,3.0173052181177833
600,348,3.0835610246588048
600,351,3.0464953448675884
600,352,3.0521298062141087
600,354,3.0144206374623206
600,358,3.0144206374623206
600,359,3.0464953448675884
600,360,3.003472581524662
600,361,3.0464953448675884
600,363,3.9576412683795246
600,365,3.0144206374623206
600,366,2.9724882091622566
600,368,3.112782724441346
600,369,3.0144206374623206
600,370,3.003472581524662
600,373,2.788394812145639
600,376,2.76995704141397
600,378,3.0651518460007883
600,379,2.80439373341895
600,381,3.0172295426558544
600,382,2.9797471734673917
600,383,2.7150616221555812
600,384,2.816847780477649
600,385,2.9198040950622786
600,386,2.860093796013303
600,387,2.8510886525970687
600,388,3.0144206374623206
600,389,3.0141279984221816
600,390,2.9425967430878615
600,391,2.8691902375084224
600,393,2.936281035417203
600,405,3.1678278224062053
600,406,2.8880794901509734
600,407,2.884347589919297
600,408,2.861686329572797
600,409,2.847160215123062
600,412,2.8752298116288184
600,413,2.8962561533715494
600,414,2.869297037452518
600,415,2.837634551934867
600,416,2.7939137692373746
600,417,2.929298187647835
600,418,3.0144206374623206
600,420,2.8554540097382373
600,421,2.924887710207257
600,422,2.788394812145639
600,423,2.733580771751064
600,424,2.8557870031449912
600,425,2.8992412201628865
600,426,2.7739466723247883
600,427,2.8973946301442894
600,428,2.876751437022447
600,430,2.9623470462377255
600,431,2.8701799109618205
600,432,2.9075360484262704
600,433,2.9131142029457453
600,434,2.801928060684886
600,435,2.9199692459706066
600,436,2.839611766766081
600,437,3.0835610246588048
600,438,2.8910600555323014
600,441,2.9103034519848405
600,442,2.8425265036046574
600,444,2.924447804083925
600,445,2.8917502613380197
600,446,3.0172295426558544
600,448,2.8415539350867203
600,449,2.9405427919662883
600,450,2.9156989332033247
600,451,2.911917282912909
600,452,2.906125309780743
600,453,2.9051619229956636
600,455,2.9122856618461728
600,456,2.8722167728387653
600,458,2.8701281865487456
600,459,2.871834610387009
600,460,2.8833962939557893
600,461,2.911619191330481
600,464,2.81613728833473
600,466,2.872035262581565
600,467,2.9021567663912675
600,468,3.0651518460007883
600,469,2.918084673125747
600,470,2.8943387849785815
600,471,2.894527708661143
600,472,2.9276002998142023
600,474,2.7291552481856978
600,475,2.909348766237113
600,476,2.9069453386108477
600,477,3.0516234620752
600,478,2.9401367385967196
600,479,2.7531173533996074
600,481,2.8691290836504475
600,482,2.855451780049402
600,484,2.884059452558946
600,485,2.965550668355952
600,486,2.8828834209170386
600,487,2.8871556422034845
600,488,2.8958810905052657
600,489,2.8787442638891263
600,490,2.770940552212422
600,493,2.8781043327200067
600,494,2.781608947379563
600,495,3.0144206374623206
600,496,3.0138923721693605
600,497,2.9444120649696983
600,499,2.9076622274917647
600,501,2.931040387912191
600,502,2.8317818147303484
600,504,2.8255261451391185
600,505,2.891462329803408
600,506,3.0532890898638807
600,507,2.838488393067516
600,509,2.9669815847948375
600,510,2.8570956028006567
600,511,2.8215885233986264
600,512,2.753044923470198
600,513,2.929033447571018
600,514,2.8766458075093047
600,515,2.9263788109897675
600,516,2.916719239129131
600,517,2.839156868100097
600,518,2.895933786698582
600,519,2.857208278351961
600,521,2.7728204478447167
600,522,2.877252739318246
600,523,2.8825359434361597
600,526,3.0144206374623206
600,528,2.924102478244739
600,529,2.8649062041467968
600,532,2.9367545214167308
600,533,2.9296082077613277
600,534,2.9341502124194836
600,535,2.8918389422140485
600,536,2.8264149752725904
600,537,2.9078046277863496
600,538,2.870483915661674
600,540,2.8083344600954576
600,541,2.997757456412184
600,542,2.933851945109221
600,544,2.75898999085079
600,546,2.993639956380343
600,547,2.8037916404656675
600,548,2.7426739684935124
600,549,3.0516234620752
600,550,2.9210436253698635
600,553,2.8366678597066164
600,555,2.7863820775339434
600,556,2.8316849707697838
600,563,2.998042532094368
600,564,2.8957663264512576
600,567,3.030609569430545
600,568,2.987510646652
600,569,2.9070519001663144
600,573,3.0144206374623206
600,574,2.952495446269286
600,577,2.922852395759946
600,579,2.841530705433106
600,580,2.851898115395809
600,581,2.830667030904023
600,583,3.0521298062141087
600,585,2.9172545794139637
600,586,2.905947372349338
600,590,2.971002833926967
600,597,2.8914249019627203
600,599,3.1638433808598347
600,600,2.896630973726547
600,602,2.8221627598240957
600,605,2.8640073826913204
600,606,2.9149507357139197
600,609,2.84595291570914
600,610,3.0478082487817755
600,611,2.7862348920991296
600,612,2.9215034553775405
600,615,3.0521298062141087
600,617,3.0521298062141087
600,618,2.890280355871438
600,619,2.9228461568064326
600,626,3.0835610246588048
600,627,2.842564845250872
600,632,3.0100467818006167
600,633,2.8979696181594177
600,634,2.8831335965004232
600,635,2.9149893942464637
600,636,2.8475539722367067
600,637,2.8923926772441115
600,638,2.8534222707145522
600,639,2.942584220028204
600,640,2.8416570864719466
600,645,3.0144206374623206
600,647,2.828524532113359
600,649,3.0521298062141087
600,650,3.0144206374623206
600,653,2.9892181442684294
600,656,2.884435291031544
600,665,3.022508862474063
600,667,2.7509026621485306
600,668,3.0144206374623206
600,670,3.0144206374623206
600,671,2.929016937796159
600,674,3.07161416937911
600,678,2.8758073449464736
600,679,2.83868059188333
600,680,2.964296922415892
600,685,2.8485853955758342
600,688,2.9006526300573547
600,691,2.896463850970351
600,692,2.742323718567235
600,694,2.8239101229318
600,695,2.744904541392119
600,697,2.9000426237124852
600,698,2.8530044806433974
600,703,2.845750421837175
600,704,2.835969655014082
600,706,2.8463336748481343
600,707,2.9503385117050263
600,708,2.920792591582165
600,709,3.1002146335751686
600,710,2.8511037903236036
600,711,2.871632855246889
600,714,2.8744843631638926
600,715,3.0172295426558544
600,718,3.1528247857930447
600,720,3.138652293793522
600,722,3.9576412683795246
600,725,3.0835610246588048
600,726,2.808878009943702
600,728,2.974411379761476
600,731,2.7978043156008954
600,733,2.7619270636590585
600,735,3.0694026472253597
600,737,2.7380106594488334
600,741,3.11239967977161
600,742,2.7950372573344033
600,743,2.8836660346688583
600,745,3.1202494123132802
600,747,2.9002001500175267
600,748,2.760675785603335
600,757,3.0144206374623206
600,759,2.8264389102671283
600,760,2.9843198844319057
600,761,2.8554283982507775
600,764,2.889558851337475
600,765,2.930317109586041
600,766,2.907914179370309
600,773,3.014928215664656
600,775,3.075226660704196
600,779,2.8753138179936855
600,781,2.883090411743675
600,782,2.815494872742655
600,783,2.9847904971169217
600,785,2.8881521851406293
600,786,2.907793187215275
600,790,3.0144206374623206
600,791,3.9576412683795246
600,795,2.8534499658305275
600,798,2.858372831530863
600,799,2.9402092555098007
600,800,2.8821871570688304
600,802,3.0172295426558544
600,803,2.9476679680054234
600,804,2.914737064502512
600,805,2.832364941690659
600,806,2.901506654793
600,808,2.8444112174664915
600,809,2.7964966445381445
600,813,3.0835610246588048
600,818,2.9012078914775588
600,823,3.0144206374623206
600,824,3.0196651979515607
600,828,2.9078643900614947
600,829,3.0029972761035997
600,830,2.9030967109734482
600,832,2.7629767440045034
600,833,2.8909423361991435
600,835,2.8443402259678905
600,836,2.7727827274926864
600,838,3.0464953448675884
600,840,2.9105492685121033
600,842,3.0815047057742957
600,848,2.923672275465552
600,849,2.844370503683511
600,851,2.8938005702020018
600,852,2.936222078681457
600,861,2.959502853384306
600,866,2.8985360168473915
600,867,2.8782073586984405
600,869,2.885143322506021
600,870,2.8886247925713646
600,875,2.9425967430878615
600,876,2.959502853384306
600,879,2.776209474879168
600,880,2.7637412682463234
600,881,2.8718410648835255
600,882,2.8420270288148375
600,885,2.9186486072142195
600,886,2.8579104741780252
600,888,3.191013003470303
600,889,3.0172295426558544
600,891,2.884347589919297
600,892,2.9447787032412664
600,893,2.8762483593644537
600,896,3.0144206374623206
600,897,3.0608242994152355
600,898,3.085487597653673
600,900,3.152026056027454
600,901,3.0464607904848875
600,903,3.0184140136794215
600,904,3.0609618991208536
600,905,3.0909116229743194
600,906,3.0326247574710843
600,907,3.1052095257879317
600,908,2.979330778680887
600,909,3.0889987604968194
600,910,3.1004630165659317
600,911,3.0042429978155893
600,913,3.0562451441291416
600,916,3.064058608560525
600,917,2.9953468394469347
600,918,3.1269694234856433
600,920,3.035786121783253
600,921,3.1232681194818164
600,922,3.0173052181177833
600,926,3.1041363747441704
600,927,3.091689055954973
600,928,3.0556304191595887
600,929,2.9910886384955666
600,930,3.043983678690909
600,931,3.0092672130483726
600,932,2.9778180584607057
600,933,2.9488318073803628
600,934,3.0271025621419594
600,935,3.091404014095094
600,936,3.0662954791916484
600,937,3.048974971675427
600,938,3.2230694372300914
600,940,3.023033048015244
600,941,3.1393283219745096
600,942,3.046391905386417
600,944,3.0721553378579545
600,945,3.1160977057479218
600,946,3.095061709115024
600,947,3.0811282460640412
600,948,3.039747442414441
600,949,3.0169091218579123
600,950,3.0645732224277316
600,951,3.096888963867355
600,952,3.0910975726132226
600,954,3.0526164311954465
600,955,3.067872210783816
600,956,3.0155583746185526
600,959,3.0413658695954964
600,961,3.0174117609653037
600,963,3.117470607296062
600,965,2.9856857414925058
600,968,3.0549105246258055
600,969,3.1020275054502164
600,970,3.057806885169121
600,971,3.009774937085588
600,973,3.051424793013135
600,976,3.033448011316005
600,979,2.9691409321477793
600,981,2.881930207792954
600,982,3.0098421895989897
600,984,2.9401319453250196
600,986,2.867455765441773
600,987,2.8721536200496027
600,988,2.9255121306063394
600,990,2.79865831488791
600,991,2.8376601031726576
600,993,2.849736104841911
600,994,2.937643763743953
600,996,2.866874068529744
600,998,2.768195716057281
600,999,2.745354632685701
600,1003,2.834798761221131
600,1004,2.7411650681092143
600,1005,2.888723505078713
600,1006,2.8400216537163385
600,1008,3.182738917008273
600,1009,3.2040729519089814
600,1010,3.0559090475960144
600,1011,3.1003969506295843
600,1013,3.0156204803287503
600,1014,3.0293008954995444
600,1016,3.0778073136920336
600,1017,3.0899947730912225
600,1018,3.0070477415388517
600,1019,3.027060417383869
600,1023,3.201517862585792
600,1024,3.1385546419705634
600,1027,2.924024012630267
600,1035,3.1468596458896614
600,1040,2.908072718944834
600,1041,2.9534881797584953
600,1043,2.899670496920184
600,1046,2.936519280280858
600,1047,2.907793187215275
600,1049,2.8236925582885273
600,1050,2.9253465121355964
600,1051,2.874398216461179
600,1053,2.9044066248283853
600,1054,2.871471656179093
600,1055,2.6724110802058014
600,1056,2.927813291037879
600,1059,3.0172295426558544
600,1061,2.7844447755769672
600,1066,3.0886227701441817
600,1068,3.040055206939744
600,1076,3.0078341073565786
600,1078,3.1290056463152403
600,1080,3.2243009973113503
600,1081,3.113893229263711
600,1082,3.0157606080428434
600,1083,3.096817098605593
600,1085,3.0174319567756456
600,1086,2.89361521613761
600,1089,2.8447059948366604
600,1090,3.1306577468985615
600,1092,2.7621564616416623
600,1093,2.84066023914651
600,1094,2.9402583579234016
600,1095,2.8758622235089715
600,1096,3.0667600094406398
600,1099,3.137898448925228
600,1100,2.858120137293945
600,1101,3.053365348606444
600,1103,3.0273458811285567
600,1104,3.0614225419563175
600,1105,2.753047736194946
600,1107,2.945250190719671
600,1111,3.9576412683795246
600,1112,2.894038265617201
600,1114,2.8604809850161925
600,1116,3.0144206374623206
600,1117,3.0144206374623206
600,1119,2.8673347925379447
600,1120,2.9293127373437025
600,1121,3.0144206374623206
600,1123,3.9576412683795246
600,1124,3.0849212958307937
600,1125,3.078451139500803
600,1128,3.1069868341525857
600,1129,2.9776734143834895
600,1130,3.067854395437947
600,1131,3.0332862261136198
600,1132,3.0144206374623206
600,1135,3.1127839872912717
600,1137,2.860466681481309
600,1140,2.870057649093922
600,1144,2.8209942511369155
600,1147,2.8195843768341398
600,1148,3.1027654938952227
600,1150,3.0144206374623206
600,1151,3.15423395471981
600,1156,3.0144206374623206
600,1161,3.0100467818006167
600,1162,3.0844876514490065
600,1163,2.9891676599631087
600,1167,2.9040561069250304
600,1170,2.7023618197944748
600,1171,2.9399114277373646
600,1172,3.0144206374623206
600,1173,3.0521298062141087
600,1176,3.13100151729151
600,1177,3.0172295426558544
600,1178,3.0711587309074906
600,1179,2.877174800303765
600,1180,2.9803183601825705
600,1183,2.9281706831989176
600,1184,2.988741779340006
600,1185,3.084526281040147
600,1187,2.8821472283076006
600,1188,2.9812484126162277
600,1189,3.393477435105758
600,1190,3.009352916855435
600,1191,2.9331297622088233
600,1192,2.9618282507305818
600,1193,3.1065357928164663
600,1194,3.0835610246588048
600,1201,2.9963872829739913
600,1202,3.0835610246588048
600,1203,3.070172655889013
600,1204,3.0739072354739845
600,1207,3.0437836750440774
600,1208,3.016887313532509
600,1209,2.959911427505573
600,1211,3.13100151729151
600,1215,3.0091807962608113
600,1216,3.047177973674226
600,1218,2.9118130107700058
600,1221,3.0035821014544015
600,1222,3.057830242592607
600,1223,3.0962905973036037
600,1224,3.032882181894092
600,1225,3.1736877430379695
600,1226,3.0172295426558544
600,1227,3.018854442703956
600,1228,3.076655639495794
600,1231,3.0377450192557682
600,1232,2.9986119499572874
600,1233,2.9426821793282265
600,1234,3.0918455948852026
600,1236,2.9560920726424222
600,1237,3.0144206374623206
600,1238,3.1030280286893754
600,1241,3.188737749779522
600,1242,3.048659125768858
600,1243,3.052528675766306
600,1245,2.864021400015681
600,1249,2.8815644046617814
600,1250,3.0555608812071293
600,1252,3.036490461313916
600,1253,2.9773923255930703
600,1254,3.051159546153812
600,1255,3.1242041675421657
600,1256,3.149674142452986
600,1257,3.0651518460007883
600,1260,2.9398637134403556
600,1261,3.112027854425302
600,1262,2.9826592435746413
600,1264,2.9688226619425695
600,1266,2.9233944742590245
600,1267,2.9971143374770066
600,1268,2.9427928100547294
600,1269,3.0277920177595767
600,1272,3.073945705178053
600,1273,3.099781742444718
600,1275,3.2080989626854683
600,1276,3.0289934166517662
600,1277,3.0463224532907667
600,1279,2.941342722740811
600,1280,3.0144206374623206
600,1281,3.08322557362166
600,1283,3.083475665138063
600,1284,3.069079888431484
600,1286,3.046940855648487
600,1287,3.051913195075349
600,1289,3.9576412683795246
600,1290,3.05788910163046
600,1293,3.1318905310990424
600,1295,3.0995016448364017
600,1297,3.074323070785098
600,1298,3.0516234620752
600,1300,3.0521298062141087
600,1301,3.007825602405649
600,1303,3.0786866961524786
600,1304,3.1133400996961846
600,1305,3.0172295426558544
600,1306,3.027060417383869
600,1310,2.8974859841842067
600,1312,2.855256404764038
600,1318,2.9665612272731305
600,1320,2.8463600796708497
600,1322,3.0694026472253597
600,1323,3.1337564656139905
600,1324,3.0694026472253597
600,1325,2.826093113213436
600,1326,3.1202303099787474
600,1328,2.8161727524100466
600,1329,3.0694026472253597
600,1330,3.1559181360274757
600,1331,3.024108700730426
600,1332,3.0375790199252304
600,1334,3.0006865979235764
600,1335,3.1534786142718136
600,1336,2.8024530398911143
600,1337,3.0064964256291034
600,1339,3.1106052767748795
600,1340,2.996431587713261
600,1341,3.0598332567067015
600,1343,2.7904066953998807
600,1344,2.9566824701588237
600,1346,3.136203795099052
600,1349,3.0694026472253597
600,1350,2.954075997934469
600,1351,2.9503385117050263
600,1352,2.795014140832173
600,1353,2.9341124159988405
600,1354,2.932242577194866
600,1355,2.7574090027078784
600,1357,2.957626219679613
600,1358,2.882973522830244
600,1359,2.892142035856415
600,1361,2.8193458945508527
600,1363,2.827380732777317
600,1365,2.970231684897662
600,1366,2.87998854893161
600,1372,2.7903905381446945
600,1373,2.952523657732113
600,1374,2.9755330519800505
600,1375,3.0342479775536435
600,1376,3.0927675681527513
600,1377,2.816934571614067
600,1378,3.0640785415566096
600,1379,2.7807161785488175
600,1382,2.825468319269761
600,1385,2.907793187215275
600,1387,3.013771548593264
600,1388,2.9698037466568503
600,1389,2.9790041101967266
600,1390,2.8638006444031094
600,1392,2.9349013050231463
600,1395,3.0775777955619614
600,1396,2.9016395012656706
600,1397,2.8588793950683153
600,1398,2.810966756798662
600,1399,2.9085036408041662
600,1401,2.836965470217193
600,1406,2.9393172749068155
600,1408,2.8238828817417474
600,1411,2.889416312956476
600,1412,2.8815319680827236
600,1413,2.8741964473053594
600,1414,2.912754911035806
600,1415,3.009352916855435
600,1416,2.896542260784277
600,1417,2.85925913549614
600,1419,3.0633597417195144
600,1422,2.8274295152077125
600,1423,3.0988888550170333
600,1425,2.9550262054241734
600,1426,2.76904491097423
600,1427,2.7562151306749074
600,1428,2.8661814345743215
600,1429,2.9959312315292426
600,1430,3.0107089779405456
600,1431,2.864040870066113
600,1432,2.8739981393314866
600,1437,2.896897963126169
600,1438,2.7299756785608937
600,1439,2.8897683336994753
600,1440,2.8870212116998104
600,1441,2.9246793587154665
600,1442,2.829331135319356
600,1445,3.078125932191861
600,1446,3.0521298062141087
600,1447,2.8216639131778316
600,1453,2.927044177683535
600,1454,2.926900802225361
600,1456,2.9421024933257636
600,1457,2.933632804539789
600,1458,2.9711828450026236
600,1459,2.7070260645862625
600,1460,2.8802420087051015
600,1464,2.9735648809104083
600,1465,2.8233420147786976
600,1466,2.8674741267202086
600,1468,2.899240021920179
600,1473,2.9149419951545816
600,1474,3.0764933419224576
600,1475,2.850913757751026
600,1477,2.794533339801597
600,1479,2.8083271911820193
600,1480,2.914962895866688
600,1483,2.895346795972244
600,1484,2.956390893070365
600,1487,2.909535897672968
600,1488,2.8146101054784616
600,1489,2.9330947234548654
600,1490,3.0835610246588048
600,1493,2.8633857219734833
600,1495,2.843365892047988
600,1496,2.8689629372977343
600,1497,2.7509026621485306
600,1498,2.8943894690783285
600,1500,2.8897765533363993
600,1502,2.942017531266463
600,1503,2.9085652811423564
600,1507,2.9840394701679247
600,1513,2.858343155733313
600,1514,3.0226366071500563
600,1515,2.8289538566335013
600,1516,2.953677479500329
600,1518,2.7662078305680944
600,1519,2.9017260756966277
600,1526,2.8605052706889422
600,1527,2.951571052741213
600,1529,2.946997852137252
600,1533,3.0144206374623206
600,1537,3.0464953448675884
600,1541,2.9338305950268513
600,1542,2.9931001588413118
600,1544,2.828384961371152
600,1545,2.990880764863921
600,1546,2.9754352147240155
600,1547,2.863262397304642
600,1549,2.8768070501409087
600,1550,2.9294586467433503
600,1554,2.904285024765552
600,1556,2.7933250889272085
600,1562,2.9036049285506405
600,1564,3.0464953448675884
600,1565,2.893633067650649
600,1566,3.0548394184466128
600,1571,3.0651518460007883
600,1572,3.0144206374623206
600,1574,2.8490185863862334
600,1580,2.9849298747492723
600,1581,2.878016521895842
600,1582,2.8731723037326744
600,1583,2.9464176812630924
600,1585,2.957189375231428
600,1587,3.172587401527454
600,1588,2.8865692195721704
600,1589,2.836691345421668
600,1590,2.812373474495023
600,1591,2.850892126511406
600,1592,2.894762110084293
600,1593,2.909335601048706
600,1594,2.9436677389299217
600,1596,2.9029817794457378
600,1597,2.849923657621834
600,1598,2.840584265398522
600,1599,2.7331863105808396
600,1600,2.896594771856074
600,1601,2.8466341268486146
600,1603,2.7667916691340397
600,1604,2.8463222632602605
600,1605,2.862077125066311
600,1606,2.847692754055104
600,1609,2.950635431899275
600,1610,2.831753147379764
600,1611,2.920950760535839
600,1612,3.0835610246588048
600,1613,2.879337210007833
600,1615,2.8860177299755962
600,1616,2.708055669371439
600,1619,2.8820435385028498
600,1620,2.853730702880202
600,1621,2.8314874388148445
600,1623,2.8038771752928735
600,1624,2.8162791935825204
600,1625,2.852524157047322
600,1626,2.8145114701017095
600,1627,2.8521830838596864
600,1629,3.0651518460007883
600,1631,2.7176597805497567
600,1633,2.876220626271506
600,1635,2.8675397941039686
600,1641,3.0115012271244233
600,1642,3.0521298062141087
600,1643,3.0172295426558544
600,1645,2.8347449582850466
600,1646,3.0403088213682103
600,1647,2.8174514427816977
600,1648,2.9368674362192575
600,1649,3.9576412683795246
600,1650,2.823369177701937
600,1652,2.81289135817359
600,1653,2.8567588453626236
600,1654,2.95562902728167
600,1655,2.8456547085106965
600,1656,2.8811254476079453
600,1658,2.8437319304166566
600,1659,2.878904069839464
600,1660,2.917887271998935
600,1661,2.8037095594202595
600,1662,2.7824745091508145
600,1663,3.0720329319803885
600,1665,2.9316959056880947
600,1667,2.8465912390524433
600,1670,3.005825702465851
600,1671,2.9503385117050263
600,1672,2.8387325883787793
600,1675,2.7858989665266005
600,1677,2.9303660868451047
600,1679,2.902745109423648
600,1680,2.9167174625287866
600,1681,2.9293739964265377
600,1683,2.89224645857089
600,1684,3.0172295426558544
600,1685,3.0172295426558544
600,1686,2.7701475479697013
600,1687,2.7297749433244847
600,1688,3.003236647236864
600,1689,2.8959926398193385
600,1690,2.871847375947445
600,1694,2.8513832505755206
600,1695,2.9726616370468815
600,1696,2.8913919592925836
600,1699,2.933031119046453
600,1702,2.9725063984084588
600,1703,2.8968650929990667
600,1704,2.9002515610652075
600,1713,2.9248604797374904
600,1718,2.788394812145639
600,1719,2.8985149845680387
600,1722,2.912547977400931
600,1726,2.9784657265725665
600,1727,2.8844966471067135
600,1729,2.866658636627426
600,1730,2.8259793607476573
600,1731,2.8684067609116566
600,1733,2.886570848266618
600,1734,3.0521298062141087
600,1739,3.0119174139451874
600,1746,2.8918106575102978
600,1747,2.8981920747274494
600,1748,2.8319278882508927
600,1752,2.7697442634857605
600,1753,2.8804965243741862
600,1754,2.912831426061005
600,1755,2.973662488604337
600,1757,3.0172295426558544
600,1759,3.0144206374623206
600,1760,2.9811875746583616
600,1762,2.762210774036184
600,1767,3.0172295426558544
600,1769,2.7550571485921473
600,1770,2.8747423803616474
600,1771,3.0694026472253597
600,1777,2.926210481229623
600,1779,2.777566424868722
600,1783,2.8770492144470015
600,1785,2.767660577717773
600,1791,2.8691700573210874
600,1792,2.7495833665780487
600,1793,3.0835610246588048
600,1794,2.982013755528057
600,1797,2.808234536135196
600,1798,2.728228440315181
600,1804,2.8651742442908223
600,1805,2.9581090879420078
600,1806,2.9408709859691933
600,1807,3.0144206374623206
600,1809,3.0035821014544015
600,1810,2.939795653530503
600,1812,2.9275083258420365
600,1816,3.0521298062141087
600,1821,2.9143856409402518
600,1824,2.8679196491340484
600,1825,2.929490449083944
600,1826,2.9261489068887356
600,1827,2.951164159388725
600,1829,2.919029474291635
600,1831,2.8531921158542555
600,1833,2.7960057864806873
600,1834,2.8506199590586383
600,1836,2.938086817895231
600,1837,2.904443946284794
600,1839,2.8819060275255586
600,1840,2.8471776670446047
600,1841,2.847160570459796
600,1844,3.0172295426558544
600,1845,2.882644742677748
600,1848,3.001488588882826
600,1855,2.885337055990693
600,1856,2.8240963159558725
600,1857,2.923886716362411
600,1858,3.003472581524662
600,1859,3.0144206374623206
600,1860,3.0144206374623206
600,1862,2.739947996110444
600,1863,2.8821268590555977
600,1866,2.863326684421759
600,1867,2.8029907535591203
600,1870,3.0521298062141087
600,1873,3.006952772288475
600,1875,2.908451842376829
600,1876,2.8405494372709272
600,1881,3.1099370295987385
600,1882,2.7708909131489317
600,1883,2.9288907339038674
600,1884,2.9712774473866954
600,1885,3.0464953448675884
600,1887,2.9583074403300555
600,1888,2.943428660118223
600,1889,2.942679623366114
600,1891,2.788151149784187
600,1892,2.746355049726017
600,1893,3.0144206374623206
600,1894,3.0820532922745705
600,1897,2.9172078287049894
600,1900,3.0521298062141087
600,1902,2.889254075741906
600,1904,2.944343805752373
600,1906,2.921574329667155
600,1907,3.0203798255151377
600,1909,2.8461578102304212
600,1910,2.9195089078234
600,1911,2.88050028980594
600,1912,2.909484249412513
600,1913,3.0634380711022073
600,1914,2.9665522438182963
600,1916,3.0172295426558544
600,1918,2.8450672095625062
600,1919,2.951837163380354
600,1920,2.990848787675542
600,1922,3.0144206374623206
600,1924,2.9634307077452027
600,1926,3.132307281650294
600,1927,3.0114598456923383
600,1928,3.071068545144945
600,1929,3.0595081595216134
600,1931,3.0177238593622606
600,1932,3.0200028742889664
600,1933,3.063770007614995
600,1934,3.0315229893772866
600,1936,3.0969208611199393
600,1937,3.107889953905659
600,1938,3.0621402049053636
600,1939,3.0979368818085593
600,1940,3.0819852024140695
600,1941,3.0607083892751263
600,1942,3.083923702752996
600,1944,3.0431538450508326
600,1945,3.075871903019045
600,1946,3.0601479270803256
600,1947,3.0910818193477603
600,1948,3.1036368349373027
600,1949,3.0586419993014857
600,1950,3.0792234489659873
600,1951,3.092065822259095
600,1952,3.080573586484138
600,1953,2.9579737495230485
600,1955,3.0297620958115883
600,1956,3.1025208557733337
600,1957,3.070910916140575
600,1958,3.0724450696724595
600,1959,3.0963548025857355
600,1960,3.0879246301638084
600,1964,3.0251027248563713
600,1965,3.0982555610849256
600,1966,2.937020989118503
600,1968,3.1105242922772036
600,1969,3.0855609966317736
600,1970,3.0049903892292043
600,1971,2.9831713828216135
600,1972,3.092954564298254
600,1973,3.0694026472253597
600,1974,3.0331168305889786
600,1975,3.111641178111499
600,1976,3.0694026472253597
600,1977,3.0694026472253597
600,1978,3.0694026472253597
600,1979,3.104256695704618
600,1980,3.0585027468572714
600,1981,3.0468783696398565
600,1982,3.1064107336496742
600,1983,3.074049598564946
600,1984,3.0463467669658555
600,1985,3.111016081197645
600,1986,3.0874620801414365
600,1987,3.1216779952505753
600,1990,3.0694026472253597
600,1992,2.78576234669386
600,1993,2.8892020536852923
600,1995,2.9875563299928434
600,1996,2.973808053446226
600,1997,3.082150309123432
600,1998,2.904278115717013
600,1999,2.7898571751635197
600,2000,3.016328092003325
600,2001,2.989932524839335
600,2002,2.893305376797197
600,2003,3.094443722223759
600,2004,2.9225195481870743
600,2006,3.0082140694775767
600,2007,2.913147966645578
600,2008,3.003761756645489
600,2009,2.9734906206961242
600,2016,3.050427394115479
600,2019,2.9932046246026505
600,2020,3.0577819432232847
600,2022,3.0615508315107354
600,2023,2.9581090879420078
600,2024,2.914656701232179
600,2025,2.879535787245172
600,2027,3.0645732224277316
600,2028,2.911273217437385
600,2032,3.07788689915247
600,2033,3.24168566513204
600,2034,3.028578155936328
600,2035,3.0549926202269253
600,2037,3.0764003011687855
600,2038,3.0166423062723116
600,2040,3.05336683271694
600,2041,3.0471263487664233
600,2044,3.18759147491494
600,2046,3.101085376363764
600,2048,3.036925960866323
600,2050,3.080452830971632
600,2051,3.0608529808281517
600,2052,2.9712774777560957
600,2053,3.0452778523245234
600,2055,3.0298028042169145
600,2056,3.0846688338004467
600,2057,3.105149873245474
600,2058,2.8348810994589577
600,2064,3.331511927961433
600,2066,3.0858585500529547
600,2067,3.0138376975616796
600,2068,3.1634042708576566
600,2069,3.092287521250341
600,2070,3.0825617620849743
600,2071,2.857919039072476
600,2072,3.0835610246588048
600,2073,3.124130740750635
600,2074,3.009352916855435
600,2075,3.0288345944789774
600,2076,3.0614073675741635
600,2082,2.898309175149269
600,2083,2.9656887290738245
600,2090,3.084581118341158
600,2091,3.0099641956820107
600,2092,3.0706831836676796
600,2093,3.2477119331696755
600,2094,2.84273875688018
600,2095,3.0559386397937374
600,2097,3.099113238380602
600,2098,3.0308307062053035
600,2099,3.112454499578635
600,2100,3.1029107982905577
600,2102,3.1611463362062366
600,2103,2.9811189898433987
600,2104,3.0677837816206734
600,2105,3.030840718826453
600,2106,2.8522897234464084
600,2108,2.9308052356429886
600,2110,3.067402076974561
600,2111,3.0835610246588048
600,2112,2.867670959409689
600,2114,3.065099443983452
600,2116,3.2526274411810636
600,2117,2.985075095428478
600,2118,3.092902963568619
600,2119,3.1827062297472155
600,2120,2.8856988116556015
600,2121,3.0218577794854364
600,2126,2.7649132177925764
600,2130,3.064863217035116
600,2131,3.0144206374623206
600,2132,3.0144206374623206
600,2138,3.1918927988267463
600,2143,3.2090680575386044
600,2146,3.030744420543195
600,2147,3.171578794864642
600,2148,3.195499265162441
600,2149,3.1922677047777843
600,2150,3.0956120017514808
600,2151,3.0590568397153035
600,2152,2.9045897263066944
600,2153,2.8438864667988533
600,2154,2.8654000012802223
600,2155,3.0521298062141087
600,2156,3.0464953448675884
600,2159,3.0073255251607987
600,2163,3.0815047057742957
600,2164,3.0303580626475743
600,2165,3.0521298062141087
600,2166,2.8775563014199
600,2169,2.9107607921358905
600,2170,2.873145503390884
600,2171,2.9491260594286635
600,2172,3.0521298062141087
600,2175,2.894524996140764
600,2176,2.967208549527622
600,2177,3.0107089779405456
600,2178,2.960359760559782
600,2179,2.8893108764930955
600,2180,2.8894852331643266
600,2181,3.00316169748832
600,2182,2.960281454819628
600,2183,3.0189582780233226
600,2184,3.0956487690434145
600,2185,2.893638312002114
600,2186,2.9868372268965917
600,2187,2.9610410032487633
600,2188,2.862853057910556
600,2190,3.0144206374623206
600,2194,3.000931761592285
600,2195,2.8827481146579443
600,2196,2.699160497046899
600,2201,3.069936437786442
600,2202,3.0201494814611807
600,2203,3.0074987454502926
600,2204,2.851181258831845
600,2205,3.094517247590782
600,2206,3.0289732364886475
600,2207,3.037098818567937
600,2208,2.9831419424142576
600,2210,2.899831523397141
600,2211,2.867541478297348
600,2212,2.9685176287099546
600,2226,3.0425184392257303
600,2227,2.975515217905812
600,2231,2.8654832728931776
600,2232,2.822577685924916
600,2236,2.837017532062725
600,2239,3.0521298062141087
600,2240,3.025168872644692
600,2241,3.093954470609307
600,2243,3.0889577581851038
600,2244,3.0651518460007883
600,2245,3.063864472425588
600,2247,3.0660044405300475
600,2248,3.080058752312089
600,2249,3.0835610246588048
600,2252,2.9311061986847378
600,2253,2.9998504922591556
600,2255,3.086994883902235
600,2256,3.076808726695874
600,2257,3.0773187045937567
600,2259,3.0937399350047547
600,2260,3.044898735257967
600,2261,3.07851250134691
600,2262,3.0464953448675884
600,2263,3.0890180543557455
600,2264,3.0753506153708052
600,2265,3.1005207633275145
600,2267,2.7602379048281387
600,2269,2.876272593327465
600,2271,2.8685430228984594
600,2272,2.848995017010184
600,2275,2.83108946635513
600,2278,2.805963988372425
600,2280,2.839814303833667
600,2281,2.847034874476792
600,2283,2.91839688653787
600,2286,3.1012665432533906
600,2287,2.902933108280193
600,2288,2.960014575297842
600,2289,2.984693722721792
600,2292,2.912925145132384
600,2295,2.9074110088701017
600,2296,2.8975821254112994
600,2298,2.789624063052115
600,2301,3.1074533032549443
600,2304,3.0144206374623206
600,2306,2.8837710599580815
600,2307,2.72239801038767
600,2310,2.8718880882117293
600,2311,3.096776290162016
600,2312,3.0848212895871603
600,2314,2.82462204973937
600,2315,3.017368188533566
600,2316,2.9734013297430457
600,2320,2.844176651634509
600,2322,2.8289546317714667
600,2323,2.831122624068161
600,2327,2.931923201454468
600,2328,2.7861255417172117
600,2330,3.159256598940997
600,2331,2.944199650731527
600,2332,2.865744640531573
600,2333,2.883917841849843
600,2334,2.7247016180797767
600,2336,2.932879007306009
600,2337,2.907260252236377
600,2338,2.764398014864874
600,2339,3.0651518460007883
600,2342,2.9765617063226886
600,2344,3.0142201026052367
600,2346,2.961911974039448
600,2347,3.047578033026896
600,2348,3.049528320256105
600,2349,3.061476154696286
600,2350,2.9174366826000067
600,2351,3.0144206374623206
600,2352,3.068791122062701
600,2353,2.672760649624923
600,2354,3.0192443684644843
600,2356,2.980076323802869
600,2357,3.0144206374623206
600,2358,2.8422159218929477
600,2359,3.0835610246588048
600,2360,3.0144206374623206
600,2361,3.1546933645656967
600,2362,3.0342576399016963
600,2363,2.996431587713261
600,2364,2.8463600796708497
600,2365,2.8135059226277965
600,2366,3.183147640979685
600,2367,3.0836435439805334
600,2368,3.129848136104101
600,2370,3.0384503025329463
600,2371,3.062945345697665
600,2372,3.0755911233513262
600,2373,3.1892665170363554
600,2374,3.081016809079634
600,2375,3.060781573074756
600,2376,2.9657783358913816
600,2377,3.083569265970573
600,2378,3.0927165655214544
600,2379,3.0688661959920975
600,2380,3.075084674198945
600,2381,3.0771142554265536
600,2382,3.0645732224277316
600,2383,3.0673446310618955
600,2385,2.9215203514518033
600,2387,2.8958728143729453
600,2388,3.0172295426558544
600,2389,2.820748927819862
600,2390,2.9622186623816122
600,2391,2.8702690647346563
600,2392,3.0520330093909798
600,2393,2.8667254053618594
600,2394,2.930754684335641
600,2395,2.966241842721794
600,2396,2.9818611366341843
600,2398,3.0654486450964695
600,2399,3.211654078456411
600,2400,3.1645959594376167
600,2401,3.118896272580074
600,2402,2.911502958763243
600,2403,2.957341323775983
600,2404,2.9593515172389924
600,2414,3.1039520175815585
600,2415,3.0172295426558544
600,2417,3.0685142845045092
600,2418,3.08769781949642
600,2419,3.0285377760292898
600,2422,3.0242364972069775
600,2425,2.791875314183875
600,2429,2.9221785126401314
600,2430,3.068555943653516
600,2432,2.8485099150653617
600,2433,2.853648971753995
600,2435,2.8667429311855517
600,2436,2.979236306458796
600,2439,2.88147536856353
600,2442,2.901113825986602
600,2443,2.8848405052068093
600,2446,2.7881402631104866
600,2447,2.925997480101719
600,2448,2.7834670013105516
600,2450,3.1039488350092426
600,2451,3.1815587269181527
600,2453,3.1715784061735586
600,2454,2.9433872596625226
600,2456,3.026799676982485
600,2457,3.022338212065274
600,2458,3.059579077102312
600,2460,3.115955098238902
600,2462,3.0694026472253597
600,2463,3.051346487014697
600,2465,3.06714955944934
600,2467,2.9581090879420078
600,2468,2.999385861062637
600,2469,3.076319049017146
600,2471,3.0484605084319374
600,2472,3.043981361354038
600,2473,3.121519645540078
600,2474,2.970267052192199
600,2475,2.953441294266758
600,2476,2.9700681987660866
600,2477,3.2098745680583027
600,2478,3.100934801903404
600,2481,3.003385188234574
600,2482,2.9656426403675034
600,2483,3.041082299497122
600,2488,2.991446833811757
600,2490,2.74886421533127
600,2491,2.9118236473012478
600,2492,2.9223678821832366
600,2493,3.0144206374623206
600,2494,2.834898259037215
600,2495,3.11239967977161
600,2497,2.823977234169749
600,2498,2.8788463670515494
600,2501,2.8441497913526113
600,2503,3.0144206374623206
600,2504,2.9364568144373053
600,2505,2.959391858121558
600,2511,3.0982215442516168
600,2512,3.0144206374623206
600,2514,3.0815047057742957
600,2515,2.7560123703637363
600,2516,3.0694026472253597
600,2517,3.0508466612112053
600,2518,3.069824841206258
600,2520,3.039023625730922
600,2521,2.9228081441927936
600,2522,3.009762357660172
600,2523,2.9570081688553658
600,2524,2.975635858332832
600,2525,2.9966527019169296
600,2526,2.96817001140547
600,2528,2.94689654437851
600,2531,2.8873128285451304
600,2532,2.9019356773353824
600,2533,2.897655081943242
600,2534,2.977567044048633
600,2535,2.9426613919074573
600,2537,3.038025650542911
600,2538,2.866101398013726
600,2539,2.8871561806653747
600,2540,2.8213389069486903
600,2542,3.0038693406851453
600,2544,3.0172295426558544
600,2546,2.829066610367264
600,2548,2.7561788737001653
600,2549,2.7431111228884957
600,2550,2.991467516478702
600,2551,3.016297637498787
600,2552,2.893655433770135
600,2553,2.8864046130021808
600,2554,2.928455371249366
600,2555,2.874919911384256
600,2557,2.950635431899275
600,2558,2.8988464732829735
600,2559,2.9267978051698886
600,2560,2.8128532170045024
600,2561,2.75924491105546
600,2563,2.851944595616994
600,2565,3.0595000827171166
600,2566,2.8753606418065867
600,2567,2.8809332856258805
600,2568,2.7425731986901636
600,2570,2.886961930936696
600,2573,3.025068801540737
600,2574,2.8882520441241413
600,2575,3.0144206374623206
600,2577,3.0521298062141087
600,2579,2.8463961386313317
600,2582,3.003472581524662
600,2583,2.9343533326084477
600,2585,3.0172295426558544
600,2586,2.874802979089693
600,2587,2.908483375535694
600,2589,2.9443995175615902
600,2590,2.9027755393453702
600,2593,3.0835610246588048
600,2597,2.9020393455374296
600,2598,2.897639179207295
600,2599,2.883089402806367
600,2600,2.80439373341895
600,2605,2.8047779901989727
600,2607,2.9253350419992588
600,2609,3.0144206374623206
600,2611,2.906403722613882
600,2612,3.052118815323233
600,2613,3.080208800412354
600,2614,2.871847375947445
600,2615,3.0889120760080155
600,2618,3.0835610246588048
600,2620,2.925292941612206
600,2622,3.2040657385125173
600,2623,2.894415061329703
600,2624,3.1715784061735586
600,2625,2.911869278114023
600,2629,2.9095243530829276
600,2630,3.0144206374623206
600,2632,3.0565155479726913
600,2633,3.0076557419737555
600,2634,3.0666575301639765
600,2639,3.0706082877347938
600,2641,2.952601500499434
600,2643,3.0313684329146167
600,2644,3.0694026472253597
600,2648,3.0501958300676715
600,2651,3.0530647779649263
600,2652,3.1557746169161773
600,2654,3.161023418939954
600,2655,3.225677387747426
600,2656,2.9614135742985286
600,2659,3.186982497162268
600,2660,3.0458471959924727
600,2661,2.923199048519184
600,2662,2.977905709610087
600,2664,2.966177747539675
600,2665,2.8635045641430996
600,2668,3.103153483077464
600,2669,2.935603716148982
600,2670,2.957375015822406
600,2671,2.940229428079193
600,2674,2.973229028029409
600,2676,2.809378376858387
600,2677,2.9321078573556085
600,2681,2.926953309126605
600,2682,2.8645073011807964
600,2686,3.0196651979515607
600,2687,3.0092605828198926
600,2688,2.8601822069739966
600,2691,3.0144206374623206
600,2693,2.8929317973876776
600,2694,2.8914207832985257
600,2695,2.9040166984650355
600,2696,3.0835610246588048
600,2697,2.993145312574554
600,2698,2.7649985974718985
600,2702,2.844800976292298
600,2707,2.741586968161064
600,2708,3.0226366071500563
600,2709,3.0764933419224576
600,2710,2.873552883711771
600,2713,2.7803810958195734
600,2719,2.884347589919297
600,2720,2.902106325878246
600,2722,2.7539807706126287
600,2725,2.8958215090376505
600,2726,2.9512983800480637
600,2727,3.1325602847607077
600,2728,3.0245062561831704
600,2729,3.0140742530097513
600,2730,3.086910690524648
600,2731,3.0035821014544015
600,2732,3.0172295426558544
600,2733,3.0760649907637068
600,2734,3.0356959832681625
600,2735,3.135399992322929
600,2736,3.1218211375855685
600,2737,2.9724249200436064
600,2738,3.1014088429142315
600,2739,3.045239907737091
600,2740,2.9614135742985286
600,2741,2.947752123568429
600,2742,3.0521298062141087
600,2743,3.069028195957735
600,2744,3.0175360427331106
600,2745,3.0290318532601006
600,2747,3.1263370387987277
600,2748,3.0770970666475668
600,2749,3.0834457073126105
600,2751,3.087813417644847
600,2752,3.061120384309617
600,2754,3.208462323167501
600,2757,3.084284189782067
600,2761,2.9782782627169935
600,2763,2.767171740710922
600,2764,2.971174886073
600,2765,2.990778286732037
600,2766,2.954014244036855
600,2769,2.926652833121518
600,2770,2.913132064501925
600,2771,2.8445034575935377
600,2772,2.898099777173607
600,2774,2.962450156005504
600,2775,3.008570665889663
600,2779,3.090210911472328
600,2782,3.0694026472253597
600,2784,3.2080907071426963
600,2786,3.16960297833244
600,2787,3.0900373648637647
600,2789,2.9457318996484547
600,2790,2.884347589919297
600,2792,3.1055756940700734
600,2793,3.018549798968925
600,2796,3.0697873506590647
600,2801,3.0172295426558544
600,2802,2.9928375742969626
600,2803,2.8709906595840518
600,2805,2.9015330483617228
600,2807,2.746308258009726
600,2808,2.7112798153229862
600,2810,3.0200984307846244
600,2812,2.734390821350422
600,2813,3.957641268379524
600,2815,2.787896350586922
600,2816,2.98859221935166
600,2817,2.716012949949672
600,2818,2.787896350586922
600,2819,2.975592317120614
600,2820,3.038234273135679
600,2822,2.856661688837788
600,2824,2.9039543125456833
600,2826,2.93018048652711
600,2827,2.8006781473808227
600,2828,2.9232845763892414
600,2829,2.9213761643760905
600,2835,2.879431351905221
600,2836,2.875435564298207
600,2837,3.0651518460007883
600,2839,3.0144206374623206
600,2841,2.8040257917084483
600,2843,3.0651518460007883
600,2844,2.8830528377256774
600,2847,3.059279838215107
600,2848,3.0144206374623206
600,2851,3.0242291160693564
600,2852,3.0584856968679683
600,2856,2.9105867151893086
600,2857,3.229850064611794
600,2859,3.322274195349203
600,2860,2.845423651720181
600,2861,2.9173030918725584
600,2862,3.039649746339353
600,2865,2.9146309502455265
600,2866,3.0330357309170024
600,2867,3.0558657455213623
600,2868,3.0694026472253597
600,2870,3.0507559530784
600,2871,3.0186317676369927
600,2872,3.274744955336288
600,2874,3.06619277987605
600,2875,2.8861992514363948
600,2876,3.077056816214652
600,2877,3.1859161316743907
600,2878,3.12119630576623
600,2879,3.035697662027951
600,2880,3.035697662027951
600,2882,2.8474182995968653
600,2883,2.9026685715568825
600,2884,2.927790468617225
600,2885,2.8797839146540785
600,2886,2.922925932099228
600,2887,2.8669692170313468
600,2889,3.0521298062141087
600,2890,2.926189666632936
600,2891,3.0835610246588048
600,2892,2.8457103453327597
600,2893,2.9932046246026505
600,2894,2.987559701891666
600,2896,3.0510773570139986
600,2897,3.0753924374922166
600,2898,2.8378904399157516
600,2899,3.1711406503888995
600,2900,3.1454552995864704
600,2901,3.0205772537476583
600,2902,3.0043769217440115
600,2903,3.002688806091074
600,2905,2.9932046246026505
600,2906,2.882641462071378
600,2908,2.9328213258957017
600,2912,2.8631766645948558
600,2917,3.0034321534078816
600,2919,3.03656647616679
600,2921,3.0048907316415665
600,2922,3.0223189062407627
600,2924,3.003472581524662
600,2925,3.0144206374623206
600,2927,3.044626702728654
600,2928,3.0929920662352846
600,2929,3.039407296260037
600,2930,2.8294405463226155
600,2931,3.1179184723889493
600,2932,3.0989168036485113
600,2935,3.128122512253788
600,2939,2.958178155767725
600,2940,3.04168933485558
600,2941,3.032242106086979
600,2942,3.0589896068319185
600,2943,2.9974356851628747
600,2944,2.960860039818799
600,2947,2.9419593909136506
600,2948,2.955358068041054
600,2949,2.9588051385429974
600,2950,3.065840970056295
600,2951,2.826938545842579
600,2952,2.9503385117050263
600,2956,2.955789930536558
600,2961,2.924081687536715
600,2962,2.9716551803418185
600,2964,2.8759616521858273
600,2965,2.7358205366111514
600,2966,2.9188530938303763
600,2967,2.960243685960698
600,2969,3.0172295426558544
600,2970,3.0549009629508745
600,2971,3.1486460650036134
600,2972,3.0100467818006167
600,2974,2.766660326204326
600,2975,2.9229119795566203
600,2976,2.8326415291639484
600,2977,2.910568855658902
600,2978,3.0651518460007883
600,2979,3.0144206374623206
600,2982,2.884347589919297
600,2983,2.788394812145639
600,2984,3.9576412683795246
600,2986,2.8264082945112117
600,2988,3.061269286587779
600,2989,3.023356545238476
600,2990,3.030083178501318
600,2991,2.9577007293170117
600,2992,3.0298782926176804
600,2993,2.9595488884581234
600,2995,2.884347589919297
600,2996,2.863300650735069
600,3002,3.9576412683795246
600,3003,3.0438544306171087
600,3005,2.764064580556789
600,3006,2.950635431899275
600,3008,2.9042978665360133
600,3010,2.9819623054588087
600,3011,3.0144206374623206
600,3013,2.931873686867623
600,3014,3.1251953384027304
600,3015,2.857334592541098
600,3016,3.1068541125366727
600,3017,3.1396965903804137
600,3018,3.073702699101657
600,3019,3.0796703006774075
600,3020,2.8433158293009426
600,3021,3.14466073708698
600,3022,3.112744589749534
600,3024,3.084810858522213
600,3028,3.04985613403657
600,3029,2.9827804796984285
600,3030,2.989110591552246
600,3031,2.9009374911385915
600,3032,2.919969840861145
600,3033,3.1228133749031977
600,3034,3.1431082192654416
600,3035,3.017275093454347
600,3036,3.0558410082795904
600,3037,3.287942035617979
600,3038,3.038924142977945
600,3039,3.1149901065708723
600,3040,3.0919589630775217
600,3041,3.1024388076183933
600,3042,3.0835610246588048
600,3043,2.9050416372899694
600,3044,2.8746863953305932
600,3045,2.9966393459342138
600,3046,2.9221870178463822
600,3048,3.13831943056312
600,3051,3.0521298062141087
600,3053,2.8798319354836655
600,3054,3.151984348435073
600,3055,2.761161583635227
600,3056,2.8436571719066324
600,3057,3.0835610246588048
600,3060,2.9743172152787714
600,3061,3.1370381985513527
600,3062,2.965271639415707
600,3063,2.863070485879624
600,3064,2.950635431899275
600,3066,2.9045535573688794
600,3067,3.0521298062141087
600,3068,3.0183133212814943
600,3070,3.063222898642552
600,3071,3.1007308791325006
600,3073,3.0039501344846347
600,3074,3.079152837913262
600,3075,3.0504958435783656
600,3076,3.0669641368425307
600,3078,2.8607058000181493
600,3079,2.9856345796466095
600,3082,2.8522542594115676
600,3086,3.1735472130254694
600,3087,3.135548448341792
600,3088,3.1792357643167724
600,3089,3.0144206374623206
600,3090,3.097170555127045
600,3091,3.028461493219498
600,3094,3.075972968678867
600,3095,3.052502655274886
600,3096,3.0468244521809846
600,3097,3.0707795752180145
600,3098,3.0600584881179334
600,3100,2.8995645487781063
600,3101,3.0236929564825092
600,3102,3.0061211635748735
600,3103,2.898678666984801
600,3104,2.9931624182177003
600,3105,2.8712704746585365
600,3106,2.8868956228813696
600,3107,2.824018684987407
600,3109,3.0758112822217973
600,3111,3.09053133535638
600,3112,3.0144206374623206
600,3113,2.866431158766187
600,3115,2.871147907907976
600,3117,2.8767608527906585
600,3120,2.872725753531731
600,3125,2.873986585706429
600,3127,3.0521298062141087
600,3129,2.9717718713460424
600,3130,3.0436373374899084
600,3132,3.0521298062141087
600,3134,3.0100467818006167
600,3135,3.0095807649157686
600,3138,3.074909262684915
600,3141,2.862218190730702
600,3142,3.577566328623233
600,3143,2.9922941379259074
600,3145,2.8346761907001143
600,3146,2.8722226706540335
600,3148,2.8610922319464565
600,3150,2.8932682840814095
600,3152,3.101179926441631
600,3153,3.1817000190430136
600,3155,2.8917112210661116
600,3156,2.8654076698871878
600,3158,3.0144206374623206
600,3159,2.9070194467359
600,3161,2.9046314079759585
600,3162,2.923843463406487
600,3163,3.0125881537075365
600,3165,2.828902434950103
600,3167,3.039624074714124
600,3168,3.0628835714398375
600,3169,3.029585383334487
600,3171,3.0373781964856765
600,3173,3.0144206374623206
600,3175,2.9579794262907644
600,3176,2.8814718148392964
600,3177,2.929605149656184
600,3178,2.8209593759885507
600,3179,2.8903877672200635
600,3181,2.8957875870990355
600,3182,3.9576412683795246
600,3183,2.830243410985706
600,3185,2.8176301592388326
600,3189,2.9144280093635895
600,3190,2.8782345033869254
600,3192,3.0144206374623206
600,3194,3.024482310901111
600,3196,3.0342952004330734
600,3197,2.96169775578476
600,3198,3.017267235977651
600,3200,3.005617472815478
600,3201,3.057431665968582
600,3203,2.909700905099177
600,3204,2.9146764103465297
600,3206,3.0606738174685346
600,3208,3.003472581524662
600,3210,3.0707601425066646
600,3211,3.0144206374623206
600,3213,2.9111345937644875
600,3214,3.0764050103171
600,3217,3.030856423085597
600,3219,2.790010306308239
600,3221,3.102276678589793
600,3223,3.1003510845479534
600,3224,3.0144206374623206
600,3225,2.964886516948479
600,3230,2.9382106457169495
600,3235,3.097253880186199
600,3238,2.7895716751519655
600,3240,2.903175182446965
600,3241,3.0835610246588048
600,3244,3.0621966060371255
600,3246,2.882774449689773
600,3249,2.83693668992397
600,3251,3.0829673132737296
600,3252,2.8821956380588154
600,3253,2.9115266769323704
600,3254,2.9001401528358617
600,3257,2.8752243338098453
600,3258,3.2040657385125173
600,3260,2.9808268116786745
600,3261,2.9378818846217034
600,3262,2.9581090879420078
600,3263,2.9155195317482
600,3264,2.8791891476139186
600,3265,2.9118130107700058
600,3266,3.0076529521419095
600,3267,2.8355422451364416
600,3268,2.86328277096095
600,3270,2.929722827758035
600,3272,2.8838415006832796
600,3273,2.966244752856739
600,3275,2.8401092368460557
600,3276,2.9112810693898328
600,3280,3.1479491194023144
600,3281,3.9576412683795246
600,3283,2.9682358577476737
600,3284,3.0557460494730484
600,3285,2.9763722519344737
600,3286,2.9500528693389296
600,3287,2.967058504390289
600,3289,3.0144206374623206
600,3294,3.127475479909267
600,3295,2.912167900997633
600,3296,3.0144206374623206
600,3298,2.9026462509580018
600,3299,2.952694231964506
600,3300,2.817162278631565
600,3301,2.9381899568468675
600,3302,2.9499333883999874
600,3303,3.9576412683795246
600,3306,3.0965409113323012
600,3307,3.0792767788800917
600,3308,3.0791125454158093
600,3310,3.060384591456954
600,3313,3.0835610246588048
600,3315,3.298777317893639
600,3316,2.7486731580512904
600,3317,3.0521298062141087
600,3323,2.9526749903460168
600,3324,2.9564097329987375
600,3325,2.980724423887457
600,3326,3.043906624729456
600,3327,2.8834318823640297
600,3328,2.855462828968435
600,3329,3.0580790408173866
600,3330,3.04097944832112
600,3331,3.105087839076625
600,3334,2.9694758582470673
600,3338,3.413564191418343
600,3341,3.0915674276195393
600,3342,3.0133732954062866
600,3344,3.1055191054809774
600,3345,3.105149873245474
600,3347,3.0609148627525316
600,3350,3.0829555576064718
600,3353,3.0651518460007883
600,3354,2.7330761515863102
600,3355,2.962736769178443
600,3357,3.0172295426558544
600,3358,3.0165798929647156
600,3359,3.0830107305726404
600,3361,3.068471943472645
600,3362,3.0712356077665977
600,3363,3.0521298062141087
600,3364,3.074683111006739
600,3365,3.0587795801078252
600,3368,3.026345391041633
600,3370,3.0031210297293227
600,3372,2.8403293624810515
600,3374,2.9226168155036065
600,3378,3.0144206374623206
600,3379,3.0106354883703488
600,3384,2.891755498638051
600,3385,3.084062211958461
600,3386,2.8627689110874517
600,3387,3.081943009623162
600,3389,3.063476624246318
600,3390,3.076167596799246
600,3391,3.0835610246588048
600,3392,3.106942534775869
600,3393,3.178995451420831
600,3394,3.087319718188283
600,3395,3.1161583339883925
600,3396,3.1351900939338173
600,3397,3.115769200470974
600,3398,3.1288109262704737
600,3400,3.0747306453086503
600,3401,3.0432340674313907
600,3402,3.079233809866711
600,3403,3.012859794091011
600,3404,2.968649095629246
600,3405,2.9417983303956547
600,3406,2.991667103245727
600,3410,2.9784727463675553
600,3412,3.055012179488781
600,3414,3.0091688394621805
600,3415,3.0144206374623206
600,3417,3.086501282937828
600,3418,2.933165236937367
600,3420,2.9820044040226636
600,3421,3.1095139977974218
600,3422,3.15619927882177
600,3423,3.0826445159984184
600,3424,3.1110034820696932
600,3425,2.8840788374034907
600,3426,2.896453133384605
600,3428,3.0139349235956847
600,3429,3.1369559140052137
600,3430,2.936223016625276
600,3431,2.9417983303956547
600,3432,2.982388876913122
600,3433,2.9966414902574328
600,3434,2.9417983303956547
600,3435,3.0423147798538475
600,3436,2.880668433360795
600,3440,3.113151628900616
600,3441,3.0146705138472107
600,3442,2.991991411936136
600,3444,2.998611409794129
600,3445,2.9312655125179057
600,3446,2.921139086040788
600,3447,2.9944256498549766
600,3448,3.048682939850822
600,3449,3.0448480753190212
600,3451,3.0450350985430803
600,3452,2.8151575580260664
600,3453,2.9257358796790145
600,3454,2.9340762813809547
600,3455,2.8378944182795633
600,3456,3.0144206374623206
600,3459,3.086408198490271
600,3462,3.084852170398468
600,3467,3.0918486249116723
600,3468,3.058608326054389
600,3469,3.0445919099249372
600,3470,3.0678621542619795
600,3473,3.0835610246588048
600,3474,2.7488682347085867
600,3475,3.064138143105564
600,3477,2.935989409729739
600,3479,3.220123562291578
600,3480,3.0172295426558544
600,3483,3.0132210048533996
600,3484,2.788394812145639
600,3489,3.0231663985841557
600,3492,3.084666537272602
600,3494,3.048873772151797
600,3496,3.0817084315445253
600,3497,3.1149616640427347
600,3498,3.0541036806124136
600,3500,2.9089784992717798
600,3501,3.0801516492648227
600,3502,2.849999854003751
600,3505,3.00703834380447
600,3506,3.060501999431034
600,3507,3.057335685258362
600,3508,2.968366669155696
600,3510,2.917320785923997
600,3511,3.0835610246588048
600,3512,2.9224335758148907
600,3513,2.873999758491469
600,3514,2.8990842578420866
600,3515,3.014426850746441
600,3516,3.1593246875618806
600,3519,2.966069167852422
600,3521,3.092540109486364
600,3525,3.0829561682246704
600,3526,3.0483037524541428
600,3527,2.902075674503356
600,3528,2.8835292953177096
600,3529,2.9952752408912415
600,3531,2.95518660120478
600,3534,2.9076003658945644
600,3536,2.964741211518476
600,3537,2.953105815475042
600,3538,3.0835610246588048
600,3539,3.1085484102039187
600,3543,3.090220012339632
600,3544,2.9368562971252974
600,3545,3.1585513432754992
600,3546,2.9657957147725225
600,3548,3.011853082821345
600,3549,3.067000265037352
600,3550,3.110164863787666
600,3551,2.973814071705111
600,3552,3.1487042177476616
600,3553,2.950635431899275
600,3554,3.0172295426558544
600,3555,2.7694179371246412
600,3556,2.882582520816698
600,3557,2.7990619319267744
600,3559,3.048663989891364
600,3563,2.792171881909974
600,3564,2.9579341656514115
600,3565,2.9628128826502844
600,3566,2.9321730696916286
600,3567,3.033273912190207
600,3568,2.907106404422196
600,3569,3.0521298062141087
600,3571,3.0521298062141087
600,3572,2.784867977522332
600,3573,2.7631801714239543
600,3574,2.7685003446192025
600,3576,2.9814821537109046
600,3577,3.0760552195053856
600,3578,2.93999322194599
600,3580,2.974872626570098
600,3581,2.9507875047289223
600,3584,3.0053518724810395
600,3586,3.090799611443457
600,3587,3.0423798590890976
600,3590,3.0442127918765736
600,3592,3.11239967977161
600,3593,2.744986423193311
600,3594,2.9360756254081526
600,3596,2.9262413011537816
600,3597,2.9806042570957603
600,3598,2.908742394926853
600,3599,3.0856320408998434
600,3604,3.1056909419112513
600,3606,3.0982559190371206
600,3609,2.852555134759348
600,3614,2.8972661401006095
600,3615,3.0108093544034364
600,3616,2.958242581142904
600,3617,2.93654824452317
600,3618,2.984758690990404
600,3619,3.1094646838160718
600,3622,3.125539803621791
600,3623,2.911502958763243
600,3624,2.934151451852874
600,3625,2.824799164572433
600,3626,3.0835610246588048
600,3627,3.022023768903155
600,3628,2.971051669683715
600,3629,3.1190495252050945
600,3632,3.1226056244414893
600,3633,2.957986361689616
600,3634,2.89097658715741
600,3635,2.9591845233258924
600,3637,3.0144206374623206
600,3638,2.946049125968877
600,3639,2.9614557716207304
600,3640,3.061636861014382
600,3641,3.0227790395054797
600,3643,2.951553185433307
600,3646,2.939789729335765
600,3648,2.9614135742985286
600,3649,3.0601223135169313
600,3652,3.0694026472253597
600,3653,3.656926270102995
600,3654,3.0049611468265933
600,3655,3.0144206374623206
600,3658,3.002505637877993
600,3660,3.018300448321673
600,3661,2.792352852677627
600,3662,2.8233059580772837
600,3663,2.7919274383027486
600,3664,2.785304926734674
600,3667,2.9973817440592616
600,3668,3.0151823078956106
600,3669,2.914495348083227
600,3672,3.1390322898910776
600,3673,3.1187537101554037
600,3674,3.063255848409752
600,3675,3.0773846012431876
600,3676,3.1083132772029787
600,3677,2.914935015886013
600,3678,3.0400088311425386
600,3679,3.4213670802862497
600,3680,3.4139524159873074
600,3681,2.9225131354594045
600,3682,2.9043307622270365
600,3683,3.101423155865205
600,3684,3.0698178357162833
600,3685,3.0564034034731806
600,3686,2.7736105564502704
600,3687,3.2554643614404584
600,3688,3.1090436337324365
600,3689,3.0983409176252183
600,3690,3.0835610246588048
600,3691,3.1066660308886633
600,3692,3.0993617094430603
600,3693,3.0815047057742957
600,3694,3.0859411394025122
600,3695,3.119219482623826
600,3696,3.034151926277583
600,3697,2.7655374933979795
600,3698,2.949391735106844
600,3699,3.062618083738627
600,3700,3.051876211175408
600,3701,2.9947521556590284
600,3702,2.942463842100439
600,3703,2.9072917383214616
600,3704,2.9591008053036383
600,3705,2.8707973450135915
600,3706,3.010517968012468
600,3707,3.0172295426558544
600,3708,3.041612854464237
600,3709,2.8048903317978127
600,3710,3.0136537112656328
600,3711,2.843243008422576
600,3712,2.9509724876958536
600,3713,2.8629022679590097
600,3714,3.0446132075925676
600,3715,3.062120766431843
600,3716,3.014904297723128
600,3717,2.696510752572271
600,3719,3.0651518460007883
600,3720,2.881162663696536
600,3723,2.852642823960091
600,3724,3.046743293557977
600,3725,3.1696778649993034
600,3726,2.905050733580397
600,3727,3.142299631170383
600,3728,2.867631898785144
600,3729,2.9538463464085556
600,3730,3.1012952510137697
600,3731,3.0302378565040864
600,3732,3.0024021659936055
600,3733,2.99467304880018
600,3735,3.015000557566155
600,3736,3.0144206374623206
600,3737,3.023547101049388
600,3738,3.029379213112241
600,3739,3.079501695701065
600,3740,3.1156222812317895
600,3741,3.0202634529819754
600,3742,3.0100467818006167
600,3743,2.9500405826596654
600,3745,2.9724476521418772
600,3746,3.0144206374623206
600,3747,2.9026879016753515
600,3751,3.049187653631064
600,3754,3.1282227774059965
600,3755,2.882594328153986
600,3756,2.9458162134448873
600,3758,3.0198969649787295
600,3760,3.0860261840092402
600,3761,2.835760231971747
600,3763,2.9669771692682954
600,3764,2.805963988372425
600,3765,2.9074698568344526
600,3766,3.0422677092672856
600,3767,3.0522526793959592
600,3768,2.991660793822321
600,3769,2.9195115692377893
600,3770,3.0078825535072604
600,3771,3.1890814289998852
600,3773,2.9155298214204914
600,3774,2.9493054952899493
600,3783,2.9171939475725357
600,3784,3.2040657385125173
600,3786,2.9165686966428055
600,3787,3.0835610246588048
600,3788,3.0196651979515607
600,3789,3.042125490754136
600,3790,2.918153667060174
600,3791,3.0923774283214702
600,3792,3.0283327814269474
600,3794,2.9955358660588205
600,3795,2.893083432203089
600,3797,2.7541602613604357
600,3798,2.9476678204165894
600,3799,3.2031588982335646
600,3801,3.0336206370501513
600,3802,2.7513283012050076
600,3806,3.010538317011045
600,3807,3.311243516812382
600,3808,3.0100467818006167
600,3809,3.0835610246588048
600,3810,2.8515574635194874
600,3811,2.9923271606060977
600,3813,3.14232801823254
600,3816,3.0144206374623206
600,3819,3.1034756564461765
600,3822,3.0172295426558544
600,3823,2.915681546406046
600,3824,2.9323538212257665
600,3827,2.931228557856145
600,3830,2.947416194397464
600,3831,3.017316939255542
600,3832,3.0694026472253597
600,3833,3.065063776847236
600,3834,3.0753986006399154
600,3835,2.7531502313234713
600,3836,3.0099121735318235
600,3837,3.042347026344196
600,3838,2.7941152641772353
600,3839,2.7720122036926527
600,3840,3.1061648997683675
600,3841,2.8537154618325005
600,3843,3.126968646309756
600,3844,3.0144206374623206
600,3845,3.0144206374623206
600,3846,3.123662914057262
600,3847,3.0694026472253597
600,3849,2.913626345055331
600,3851,2.9703097356378176
600,3855,3.0172295426558544
600,3857,2.801428859938897
600,3858,3.0835610246588048
600,3859,2.997695586274457
600,3861,2.944973034661562
600,3862,2.983341691684171
600,3864,2.9475216991774413
600,3865,3.0419816844224776
600,3869,3.0835610246588048
600,3870,3.0499550026082143
600,3871,3.08445331290395
600,3872,3.014420637462321
600,3873,3.084013026670942
600,3877,3.1877226938010823
600,3879,2.7549961821695135
600,3884,2.9127201414299217
600,3888,3.0172295426558544
600,3889,3.1586315587515963
600,3893,2.98911552509546
600,3894,3.0144206374623206
600,3895,2.787851523569264
600,3896,2.749686857244094
600,3898,2.877817957067965
600,3899,2.9253367878424856
600,3900,2.989158181295182
600,3901,2.9644223487562074
600,3906,2.8089811379691367
600,3908,2.81616230761329
600,3909,2.993724080157848
600,3912,2.977183774434005
600,3914,2.9223522827204254
600,3915,2.9278317953999795
600,3916,2.8470860258878816
600,3917,3.1921138962914806
600,3918,3.1759016073885165
600,3919,2.803131888223765
600,3920,3.1272424424673617
600,3922,3.091544556145836
600,3925,3.10552286697006
600,3926,3.0810028902633024
600,3927,3.09184681919242
600,3928,3.108466890768039
600,3929,3.1142240509634327
600,3930,3.048647881354355
600,3932,3.081151261632151
600,3933,3.006697416664504
600,3937,2.833340186583675
600,3938,3.1084814603926296
600,3939,3.0829000631784362
600,3940,2.816039777098769
600,3941,3.0694026472253597
600,3942,2.7794282563478174
600,3943,2.986951576422975
600,3945,3.175168200039718
600,3946,2.8695911771112335
600,3947,2.967254819614484
600,3948,2.939556134335115
600,3950,2.9092445218712344
600,3951,2.9099728629827615
600,3952,2.8599432865406325
600,3953,3.0651518460007883
600,3955,2.9733854100309602
600,3957,2.9793042162596257
600,3958,2.985543428619152
600,3959,3.032507233652483
600,3962,3.0815047057742957
600,3963,3.2378295825485197
600,3965,3.057591454499833
600,3966,3.1828016513721096
600,3967,3.0158104710493574
600,3969,2.903343602739733
600,3971,3.081943009623162
600,3972,3.003472581524662
600,3973,2.8781934917414103
600,3974,2.969412143197238
600,3977,2.8955157067483985
600,3978,2.9298240383434417
600,3980,2.8887359649525695
600,3981,2.7707441024518626
600,3983,2.9466600056509775
600,3984,2.9333657904688084
600,3985,3.0226011621257047
600,3986,2.7644509153865555
600,3987,2.940695611476047
600,3989,2.917352010884122
600,3990,3.0467362254088988
600,3991,3.0764933419224576
600,3992,2.9553863812037324
600,3993,2.9716585311324044
600,3997,3.0684685249111348
600,3998,2.858928499445276
600,3999,2.8532074987927607
600,4000,3.114028152383213
600,4002,3.0835610246588048
600,4003,3.0917244624796214
600,4005,2.9828546527538893
600,4006,3.107927379509005
600,4007,3.0359331351904726
600,4008,3.05431828239419
600,4009,3.0904581192564207
600,4010,3.0758805847116215
600,4011,3.0038693406851453
600,4012,3.056351381138251
600,4014,2.971969509180078
600,4015,3.043906624729456
600,4016,3.1250487996749605
600,4017,2.919619092910596
600,4018,2.981996273803408
600,4019,2.8976187842624195
600,4020,2.788290673912865
600,4021,2.9426698069475203
600,4022,2.908405469271306
600,4024,2.895917123202054
600,4029,3.008079282088966
600,4030,2.774434665056928
600,4031,2.924802361154336
600,4032,2.93482290161925
600,4033,2.8540615966266816
600,4034,2.9013536159684947
600,4035,2.9936075069770745
600,4036,2.9940308304258982
600,4037,3.0413166555553253
600,4040,2.9124631290217393
600,4041,3.0799982749506842
600,4042,2.976085800058487
600,4043,3.105816416906329
600,4046,2.9637611535811446
600,4047,2.8495510818158514
600,4051,2.9614135742985286
600,4052,2.8885103158264505
600,4053,2.900497487689789
600,4054,2.9325080746934935
600,4055,2.9247970694770733
600,4056,2.9581090879420078
600,4061,3.0172295426558544
600,4062,3.065603682747069
600,4063,2.953033021573692
600,4064,2.871943416035383
600,4065,2.972633708508857
600,4066,3.031856402352142
600,4067,2.8874994154600864
600,4068,2.9441965515816597
600,4074,3.0144206374623206
600,4077,2.950635431899275
600,4078,3.0735651719070733
600,4079,3.11345592049803
600,4080,3.0694594519908116
600,4081,3.1286251767855546
600,4082,3.073928663197501
600,4083,3.088141613605079
600,4084,2.9635852165533736
600,4085,3.017890634610994
600,4086,2.981054594299766
600,4089,3.112994897469446
600,4090,3.186720025171185
600,4091,3.0723615003206097
600,4092,3.0414847049553337
600,4093,3.054214516790424
600,4102,3.186100621862306
600,4103,3.013278773747866
600,4104,3.080400751991195
600,4105,3.179999627846223
600,4110,3.083097936260083
600,4111,3.0481428978715623
600,4113,3.0866094235146093
600,4115,3.156141713317435
600,4116,3.149948045847563
600,4117,3.0943771388654038
600,4121,3.0424446127624636
600,4123,3.09820861674897
600,4124,2.9798947070399278
600,4125,3.0709882125525234
600,4126,3.0144206374623206
600,4127,3.092394654042637
600,4129,3.227402065831848
600,4130,3.2040657385125173
600,4131,3.0797057832566725
600,4132,3.1130223238913817
600,4133,3.133202340201808
600,4135,3.120035852546329
600,4138,3.1401378558904915
600,4139,3.059843051667103
600,4141,3.0651518460007883
600,4142,2.9153655757521726
600,4143,2.8371750918893337
600,4144,3.0172295426558544
600,4146,2.934586598184316
600,4147,3.0464953448675884
600,4148,2.820245811573784
600,4149,3.0651518460007883
600,4152,2.9659299074953402
600,4153,3.0385619199054683
600,4154,2.981953852810107
600,4155,2.9264622783051073
600,4156,2.9798742763714237
600,4157,3.100918925229367
600,4158,3.139072441739999
600,4159,2.752227279054579
600,4160,3.0172295426558544
600,4161,2.9155513046018586
600,4164,2.9121599754985437
600,4166,2.9220288968155583
600,4167,2.8289080113501024
600,4168,2.989842889373685
600,4171,3.9576412683795246
600,4174,2.8520881085405474
600,4175,2.933131401333302
600,4180,3.0446929978240034
600,4181,3.0986371736863543
600,4184,3.0628063755596306
600,4187,3.052336639678051
600,4189,3.01050357520492
600,4190,3.0252307501099907
600,4191,3.0518827638837256
600,4193,2.8896366210909528
600,4194,3.016291287280617
600,4195,3.2470536895946323
600,4197,3.1331978893966546
600,4198,3.147792119844743
600,4200,2.7492673200718913
600,4202,3.033958021797356
600,4203,2.8314750701195806
600,4204,3.1361414074574876
600,4207,2.967334846120337
600,4210,2.995128391665865
600,4211,2.8420485170170564
600,4212,3.1063165966979884
600,4214,3.1233770276832598
600,4215,3.081933621596872
600,4217,2.923936706748644
600,4218,3.0602680674904916
600,4219,3.0775010437549675
600,4220,3.1048432367268117
600,4221,2.924725701457375
600,4223,2.9353687776204724
600,4224,2.735670183410331
600,4225,2.9911464215652743
600,4228,2.95678533308458
600,4229,2.968892503800398
600,4231,3.0651518460007883
600,4233,2.955137092510537
600,4234,2.8949761366965334
600,4236,3.9576412683795246
600,4237,3.9576412683795246
600,4238,2.801732535402145
600,4240,3.0355644961423014
600,4241,3.169680244474967
600,4242,2.987703300484422
600,4243,2.9477451882847334
600,4247,3.0034481488877787
600,4248,2.950835486918322
600,4251,2.911393788822461
600,4252,3.0144206374623206
600,4254,2.9653217679598005
600,4255,2.9707942384917287
600,4256,2.9190605885335628
600,4259,2.9746461361410206
600,4260,2.9330724809412168
600,4262,2.989749144716471
600,4263,3.0571931570931525
600,4265,2.783843801964274
600,4267,2.9526138374055533
600,4268,2.955632516437687
600,4270,2.9428405099292627
600,4273,3.0144206374623206
600,4276,3.1106270592300898
600,4278,3.9576412683795246
600,4282,3.174563920614237
600,4284,3.0659861923425824
600,4285,2.9336937193199253
600,4289,3.0521298062141087
600,4290,2.962625387053476
600,4291,3.0645732224277316
600,4292,3.1005332109097923
600,4293,3.137038506865742
600,4294,3.3257527974977568
600,4296,3.021883526691431
600,4297,3.0144206374623206
600,4298,2.843896558775111
600,4299,2.9478677341297366
600,4300,2.9187976593460436
600,4304,2.9935406226749475
600,4305,2.830545827192213
600,4307,3.008686001327406
600,4312,3.0558410082795904
600,4313,3.0144206374623206
600,4316,3.040553545182334
600,4322,3.050832788531769
600,4323,3.1081200450075084
600,4325,3.0144206374623206
600,4326,3.043332636307191
600,4327,3.209034700874955
600,4329,3.1254608064445097
600,4333,3.0964272646219673
600,4334,2.9564687006668255
600,4337,2.985011853617837
600,4338,3.073934619960257
600,4339,2.9840248743775906
600,4342,2.962987624892446
600,4343,2.9365327513180044
600,4344,2.85095724978446
600,4345,2.95316994346451
600,4347,3.0521298062141087
600,4349,3.101149999782034
600,4350,3.02608098948256
600,4351,2.7709227586923717
600,4353,3.0208759600178055
600,4354,2.7727466396173854
600,4355,3.006551892262127
600,4356,3.0592497747545373
600,4357,3.0024164467526404
600,4359,3.0294439748394617
600,4366,3.2872395339257765
600,4367,2.961318756354525
600,4368,2.9312075577460037
600,4369,2.7706994819558366
600,4371,2.910586430363783
600,4372,2.9118581401357377
600,4373,3.0059554906331205
600,4374,3.0651518460007883
600,4378,2.993893284600809
600,4381,3.0835610246588048
600,4383,2.9581090879420078
600,4384,2.98201890627151
600,4386,2.94351687775841
600,4387,2.78749349652082
600,4388,2.9565136620667976
600,4389,2.9852106049767757
600,4390,2.9503385117050263
600,4392,3.0555047660645025
600,4393,3.1478931706494815
600,4394,3.096091690739707
600,4395,3.0645732224277316
600,4396,3.040103740385549
600,4397,3.0288820023573746
600,4399,3.0521298062141087
600,4402,3.0737414372334895
600,4403,3.0694026472253597
600,4404,3.147704816455796
600,4406,3.083071945627404
600,4407,3.021944502475058
600,4408,3.187839362838614
600,4410,3.0749657117903353
600,4412,3.0692749329352726
600,4420,3.0115493003768035
600,4422,3.0144206374623206
600,4424,3.0144206374623206
600,4426,3.1385282255681015
600,4427,3.059143642620549
600,4428,3.061115442984882
600,4429,2.9860599212931453
600,4432,3.0478385427027908
600,4433,2.9874808476301236
600,4434,2.9510874392705992
600,4436,2.956788967691058
600,4437,3.1593118176317314
600,4438,2.9338106226679193
600,4439,3.0144206374623206
600,4440,2.76995704141397
600,4441,2.8031238929551883
600,4442,3.030033604611772
600,4443,2.9274659830747
600,4444,2.8179512351021683
600,4445,2.900740499783448
600,4446,3.122264336678892
600,4448,2.9050593503681568
600,4449,2.992561145051961
600,4450,2.9271225349723764
600,4451,3.0457488874139056
600,4452,2.984945971690417
600,4453,2.9798853287792015
600,4454,2.945244935162435
600,4458,2.7952873590426086
600,4459,3.647933723452883
600,4462,3.2040657385125173
600,4463,3.084853428563926
600,4464,3.0593250020017075
600,4465,3.0669105469124864
600,4466,2.9776513703425866
600,4470,3.0136342589198946
600,4471,3.044888209322416
600,4473,3.059233770755468
600,4474,3.0453099543742077
600,4475,3.0100467818006167
600,4477,3.092259593407019
600,4478,3.079560917385394
600,4480,3.026399943881043
600,4482,3.0144206374623206
600,4483,3.0827518932225546
600,4484,2.9907470917617465
600,4487,3.02853219647159
600,4488,3.0040788480581924
600,4489,3.0466147942072173
600,4490,3.121912148410641
600,4492,3.0746289764944668
600,4495,3.06919550610965
600,4496,2.9783116979604563
600,4497,3.003737599178798
600,4498,2.805963988372425
600,4499,3.0911177702440953
600,4500,3.0842122822156974
600,4502,3.0756929547804037
600,4504,3.0886458804997217
600,4505,3.0683272868271034
600,4506,2.9882281343736197
600,4508,3.030723407073595
600,4509,3.1107432925125273
600,4511,3.163603368910463
600,4516,3.0835610246588048
600,4517,2.913626345055331
600,4518,3.131124384782548
600,4519,3.231809916926231
600,4520,3.085340580947364
600,4521,3.0705634548950824
600,4522,3.038003260603009
600,4523,3.130761168846965
600,4524,3.0835610246588048
600,4526,3.067099573507676
600,4527,3.071473084041921
600,4529,3.0521298062141087
600,4531,2.7509026621485306
600,4533,3.0901865262302053
600,4534,3.0706124628686906
600,4535,3.0609581077708015
600,4537,3.052086792611188
600,4541,3.102088040079852
600,4544,3.0624097408121367
600,4545,3.09904441962672
600,4546,2.950635431899275
600,4552,2.8463600796708497
600,4553,2.9380153237675977
600,4557,3.0599667208879056
600,4562,3.1195179508953457
600,4563,3.0835610246588048
600,4564,3.1044276819852383
600,4565,3.0834811290512465
600,4568,3.047706112979992
600,4572,2.9425967430878615
600,4573,3.0683230238647075
600,4574,2.941210265197284
600,4577,3.0547379987890553
600,4578,3.068026782620575
600,4580,2.9706815928020784
600,4581,3.0378422842879824
600,4583,3.018718215206605
600,4584,3.096861160887739
600,4585,3.0727377303812453
600,4589,3.0945588400657256
600,4591,3.250846961916278
600,4593,3.076820208077247
600,4594,3.033681810320089
600,4595,3.0803052308290932
600,4597,3.041729952371107
600,4599,3.1106033400941104
600,4600,3.0521298062141087
600,4602,3.075393023531337
600,4603,3.080613496502433
600,4605,3.237871766304188
600,4608,3.0262310140622946
600,4610,3.036902650597766
600,4611,3.029843334723201
600,4612,3.0144206374623206
600,4613,3.029609214701824
600,4614,3.0489091212234825
600,4615,3.09207931013952
600,4616,3.0358361646179253
600,4617,3.1201554002566074
600,4619,3.122168750728128
600,4622,3.099626398386252
600,4623,3.0984322309829766
600,4624,3.2266056354482457
600,4625,3.0230247579569127
600,4626,3.039395395644284
600,4628,3.1068006952913736
600,4629,2.9409282428468337
600,4630,3.0582071070013828
600,4632,2.914195820769458
600,4634,3.1151246445035348
600,4635,3.026373028022084
600,4636,2.999472574329908
600,4638,2.8639436540381182
600,4640,2.8107559576372974
600,4644,3.0464953448675884
600,4645,2.8615485628914
600,4646,3.0230365865112407
600,4649,3.0222375098305
600,4653,3.1414351935901363
600,4654,3.0393396803535
600,4658,3.016839271469233
600,4660,3.149715835571053
600,4661,3.0028403869865494
600,4662,3.0645732224277316
600,4663,3.109195747839667
600,4666,3.0812395143811853
600,4670,3.0771265956835885
600,4671,3.0881362238705097
600,4672,3.0651518460007883
600,4673,3.0098460353918686
600,4675,3.0134678744181835
600,4678,3.1645201362893967
600,4681,3.082198557051474
600,4683,3.0578191952225775
600,4686,2.926994526112024
600,4687,3.0939354425856163
600,4688,3.0558410082795904
600,4689,2.851181258831845
600,4690,3.124516079734232
600,4695,2.9957564556571117
600,4697,3.0971962913217417
600,4699,2.927036875096407
600,4700,2.953031370410394
600,4701,2.8729132925140086
600,4703,3.006979155176858
600,4704,3.110209790679025
600,4705,3.0835610246588048
600,4708,3.04298073250159
600,4709,3.094798397410514
600,4710,3.0413447321477958
600,4711,2.9283611461084784
600,4714,3.0600773361246643
600,4715,3.172858644872953
600,4717,3.003472581524662
600,4719,2.9868024972586813
600,4721,2.925845462456656
600,4722,3.0075267249037565
600,4723,2.968175029780687
600,4725,2.8390883823903805
600,4727,2.968806641794314
600,4728,2.9365504630556574
600,4732,2.9336200784806246
600,4733,3.0238503331346784
600,4735,2.8387852051197604
600,4736,2.983262094115641
600,4738,2.9237011674056137
600,4740,3.034926325876998
600,4741,3.0464953448675884
600,4743,2.9859376349553033
600,4745,2.941905505514312
600,4749,2.8824480729339603
600,4750,2.7542537653274035
600,4754,3.014779611412869
600,4756,2.9531214163508395
600,4757,2.994499581257492
600,4759,2.9908295753256433
600,4765,2.9530548188642336
600,4766,3.009352916855435
600,4769,3.0312883310456002
600,4770,2.7853307480516354
600,4771,2.928032262027687
600,4772,2.936740988080199
600,4773,3.0101221020899036
600,4774,2.913789212201091
600,4775,2.9490341920159477
600,4776,2.887784524003837
600,4777,3.0093138742384204
600,4780,2.9433721345625785
600,4782,2.9899729266349087
600,4783,3.099012783807282
600,4784,3.097644509680276
600,4785,3.0371462189136547
600,4786,3.0063624150096375
600,4788,3.0172295426558544
600,4789,3.147204766017853
600,4792,3.0529432700679946
600,4794,3.063482380033836
600,4795,3.084029827946789
600,4796,3.084956390899458
600,4798,3.057280992986046
600,4799,3.028077732009814
600,4800,2.976576588445254
600,4801,3.0619454382903735
600,4802,2.9961474480798542
600,4803,2.9564019763009006
600,4804,3.037212902270552
600,4808,2.780640906584063
600,4809,3.089461399214258
600,4810,3.0438602440509297
600,4811,3.076023765489669
600,4812,3.121510653089709
600,4813,2.949156521590357
600,4815,2.9071978222812493
600,4818,3.0031669030618278
600,4821,2.8694526334263193
600,4822,2.9532342965544296
600,4823,2.9532149704449178
600,4825,3.0521298062141087
600,4826,3.036439870939956
600,4827,3.0868612425629554
600,4828,3.0651518460007883
600,4830,3.0647277745178583
600,4831,3.089033570664287
600,4833,3.005012526642186
600,4835,3.1198699397014846
600,4836,3.05730362048667
600,4840,3.0172295426558544
600,4844,2.953689748972164
600,4845,2.9442335741332943
600,4846,3.003472581524662
600,4847,3.0144206374623206
600,4848,2.9584312143487317
600,4849,3.011109905153812
600,4850,2.9566937319145077
600,4852,2.8147961773031307
600,4855,2.902478219288157
600,4860,3.133268356018705
600,4862,2.9256764246859057
600,4863,3.1073054014753163
600,4864,2.893835315973424
600,4865,2.9069865746611994
600,4866,2.756128170916252
600,4867,2.966083023333363
600,4871,2.924373465162192
600,4874,3.0147280151484104
600,4876,2.884347589919297
600,4877,3.00636436538933
600,4878,2.931435809923558
600,4879,2.959558944399383
600,4880,2.900128023741401
600,4881,2.9736291884703316
600,4883,3.0144206374623206
600,4885,2.814209852799505
600,4887,2.7956109474426714
600,4888,2.9406852666298544
600,4889,3.0035821014544015
600,4893,2.9798176036738773
600,4898,2.96274070240117
600,4899,3.190227293400095
600,4900,2.938568859659606
600,4901,2.8490478309984373
600,4902,3.080030444827564
600,4903,2.964839410674045
600,4909,3.086910581014125
600,4911,3.2561414517664957
600,4912,3.066979867739986
600,4914,3.009352916855435
600,4915,3.1530990547269733
600,4916,2.959419334987576
600,4917,2.9743597015026957
600,4919,2.9759578411123955
600,4920,3.0172295426558544
600,4921,3.0175900805104714
600,4925,3.0768186728169806
600,4926,3.06790989947771
600,4927,3.1740681944643914
600,4928,3.0144206374623206
600,4929,3.1338290938001427
600,4932,3.0497561704996294
600,4936,3.0798683495410755
600,4939,2.9923693376428178
600,4941,3.090311927690127
600,4942,2.939163014802603
600,4945,2.8845095130403653
600,4946,2.9300418361363287
600,4947,2.8002679601975573
600,4951,2.892518472152669
600,4952,3.043906624729456
600,4953,3.0793741402859998
600,4954,3.0645732224277316
600,4956,3.0263806260149453
600,4957,2.9225083981621647
600,4958,2.890112428926615
600,4959,2.952938556587674
600,4961,3.9576412683795246
600,4962,2.9223982911022808
600,4964,3.0459104692779393
600,4965,2.9000048235654874
600,4966,2.959578627710111
600,4967,2.9755220224065417
600,4969,3.067551895697764
600,4970,3.0144206374623206
600,4971,3.072542680041709
600,4974,2.9310953553963666
600,4976,2.971197088092523
600,4977,3.0144206374623206
600,4978,2.9442949417927933
600,4979,2.9895585500248063
600,4980,3.0072087532384106
600,4981,3.146884030895732
600,4985,3.190721122613978
600,4987,3.0253171682414313
600,4988,3.1577663374239013
600,4989,2.9613222040057465
600,4990,3.075325713003037
600,4991,2.985206095085378
600,4992,2.9766303583316347
600,4994,2.9727061155944154
600,4998,3.016587003392905
600,5004,3.0830484927707458
600,5007,3.0445906113506167
600,5008,2.972200766619933
600,5009,2.8910562972995577
600,5010,2.854879097238665
600,5011,2.9884094938771546
600,5012,3.0934391521002196
600,5013,3.052777169320824
600,5014,2.9179167004155655
600,5015,3.0172295426558544
600,5016,2.9101825132437207
600,5021,3.0461885542547873
600,5023,2.8771210434408823
600,5025,3.0185476707513677
600,5026,2.8082673244907417
600,5027,2.893755916051811
600,5028,3.0144206374623206
600,5033,2.83194484191432
600,5034,3.0159541940425174
600,5039,3.2115613667240304
600,5040,3.1695793779786414
600,5041,3.4067212149113386
600,5046,2.9052016444680047
600,5047,3.003472581524662
600,5048,2.9706664533805247
600,5049,3.0100263875731295
600,5051,3.0464953448675884
600,5053,2.876301117052758
600,5054,3.012188535979278
600,5055,2.852688867057839
600,5059,2.887372929995809
600,5062,2.958473114555749
600,5063,3.270955410447397
600,5065,2.9875518069295377
600,5066,2.9558930918211828
600,5068,3.0144206374623206
600,5069,3.123960309005014
600,5071,3.0067857074841924
600,5072,2.9873948278319356
600,5073,3.0144206374623206
600,5074,3.00486055751968
600,5075,3.0137653681235923
600,5077,3.095997035482379
600,5080,3.0835610246588048
600,5081,2.9389079530933695
600,5083,3.0173239378679044
600,5088,3.0436373374899084
600,5092,2.9725194027034934
600,5093,2.7730856532820436
600,5094,2.7718990888302515
600,5095,3.0645732224277316
600,5099,3.0178673962648763
600,5102,2.9621053003217614
600,5103,2.934541323445646
600,5105,3.0052962350015213
600,5106,3.0093089034606137
600,5107,2.92043897002579
600,5108,2.9503385117050263
600,5109,3.0554305208250283
600,5110,2.967715828365696
600,5111,2.848181441000336
600,5112,2.980979384128815
600,5113,3.0645732224277316
600,5114,3.11228345951103
600,5116,3.0297598300198527
600,5120,3.060849597464145
600,5121,3.0464867223143868
600,5127,2.9812834280538043
600,5131,2.9818532322762006
600,5134,3.033730152306242
600,5136,2.9199682789834895
600,5137,2.9831791428677152
600,5139,3.0793924788890807
600,5146,3.2689950130463368
600,5147,3.0144206374623206
600,5151,2.978534454999403
600,5152,2.892776381534452
600,5155,2.9395574639170596
600,5156,2.9547917252989113
600,5159,3.1344285815710893
600,5165,3.0694026472253597
600,5168,3.073495922868347
600,5170,2.915777502154097
600,5177,3.0848668283749765
600,5178,2.9189687002982647
600,5181,2.9654121717687434
600,5187,3.088854725649525
600,5189,3.040708126052236
600,5197,3.0937852265647985
600,5198,3.005489244783464
600,5202,3.0144206374623206
600,5205,3.11862648840424
600,5209,2.911502958763243
600,5212,3.006337834107104
600,5213,3.0835610246588048
600,5214,3.2040657385125173
600,5218,3.0778319586990444
600,5219,2.852459066023649
600,5220,2.9002524347949574
600,5221,2.9271880485997634
600,5222,3.01484320176
600,5224,2.950170398976629
600,5226,3.0748229917953545
600,5231,3.158424179760206
600,5237,3.0555373549479055
600,5238,3.148309763893079
600,5239,3.147990591725438
600,5240,3.0350816563351715
600,5241,3.0840431883950497
600,5244,3.0444382257314353
600,5246,3.0321732078449393
600,5247,2.9911556711316205
600,5248,3.003472581524662
600,5250,3.0464735435243178
600,5254,2.7962661567540725
600,5255,2.955418110143294
600,5256,2.9085262942292074
600,5258,2.9124379624610013
600,5264,2.8903258678729227
600,5265,2.999918625203018
600,5266,2.8460203352503837
600,5267,2.9038521188563986
600,5268,3.028782705418231
600,5269,3.0144206374623206
600,5272,3.0144206374623206
600,5275,3.0642734651152765
600,5278,3.0973282205767685
600,5279,2.990061006415818
600,5282,2.8046558132749504
600,5284,3.0547267921001255
600,5285,3.0348063380404233
600,5288,3.393162135322315
600,5291,3.008997279762225
600,5292,3.0824889650765286
600,5293,2.910903555050805
600,5294,2.9094769688758633
600,5296,2.939791760283976
600,5297,2.936364424069061
600,5298,3.012667865011084
600,5299,2.9833111967826
600,5300,2.994246792076957
600,5303,2.9266701485435327
600,5304,3.0100467818006167
600,5307,2.9017767698317956
600,5308,3.058171160644177
600,5309,2.877924462147733
600,5311,3.0114500749841278
600,5312,2.819342151538719
600,5313,2.9771570804882668
600,5316,2.9112365270416056
600,5319,2.841530705433106
600,5321,3.0731090610747214
600,5322,2.935619599033712
600,5323,2.8448165777157333
600,5324,2.9701221054655274
600,5325,3.9576412683795246
600,5328,2.9869546164952214
600,5329,2.9503385117050263
600,5333,3.0035821014544015
600,5334,2.9129768397931532
600,5337,2.9325468132146337
600,5338,3.0886158092114444
600,5341,3.0693296785327875
600,5345,3.0778966445212608
600,5346,3.079186335880135
600,5347,2.945857074270906
600,5348,3.0268416794775814
600,5353,3.0481582474703774
600,5356,3.052077377638514
600,5357,2.831032092937757
600,5358,2.8222889494102152
600,5361,2.824570388025976
600,5363,2.9688942140619536
600,5364,2.8839926566658596
600,5365,3.0172295426558544
600,5372,3.1523511425044193
600,5373,3.0141279984221816
600,5375,3.0918750254328926
600,5377,3.0096528896486543
600,5379,2.950892378781291
600,5382,3.0835610246588048
600,5384,2.993127075703389
600,5385,3.4262271013518206
600,5387,2.8782710116923576
600,5388,2.889330345707899
600,5389,3.0565978009519
600,5390,2.9105197293062157
600,5391,3.0144206374623206
600,5397,3.0474834939517934
600,5398,3.0045804586855334
600,5400,2.8686335307472977
600,5401,2.948508271743702
600,5404,3.040391965342322
600,5409,2.7241170776542862
600,5410,3.017790856019597
600,5414,2.8814229108444764
600,5415,2.9719091128273414
600,5416,2.9752567015269906
600,5417,3.1715784061735586
600,5418,2.7180043191089194
600,5419,3.06839312067429
600,5420,2.8785154676755678
600,5421,2.934218390678203
600,5422,3.038864434392753
600,5423,2.834718568719589
600,5424,2.9207623330809467
600,5425,3.0100467818006167
600,5427,3.146265474941971
600,5428,3.1537263958557693
600,5433,3.0094535484312717
600,5434,2.9510684702544343
600,5435,3.0643108545579474
600,5438,2.8913951390166726
600,5440,3.3822563799253897
600,5442,2.9973817440592616
600,5443,2.9672992318498648
600,5444,3.0391933298285614
600,5445,2.826095192621032
600,5446,3.0056914873244813
600,5447,2.929996862231904
600,5448,3.1252634001960966
600,5449,3.0651518460007883
600,5450,3.0020981197593577
600,5451,2.988287900986831
600,5452,2.904521602663072
600,5454,2.8915523996996084
600,5455,2.946536471502928
600,5456,2.9007078897617413
600,5458,3.0505649722699255
600,5460,3.0532508770928266
600,5461,3.0360059623846385
600,5462,3.0454751924134786
600,5463,2.978415550356548
600,5464,2.942914188935872
600,5465,2.9503385117050263
600,5466,3.0464953448675884
600,5468,2.954215758627739
600,5470,3.072943368669006
600,5471,3.053737195439977
600,5472,3.0633838971498193
600,5475,2.959391858121558
600,5476,2.884347589919297
600,5477,3.0172295426558544
600,5478,2.9093063197494917
600,5479,2.930955307151577
600,5480,2.9713961712977532
600,5483,2.983186913933152
600,5485,2.9998732723492383
600,5486,3.0835610246588048
600,5489,3.0694026472253597
600,5490,3.051040681299634
600,5493,3.035697662027951
600,5497,3.0427373241508975
600,5498,3.0144206374623206
600,5499,3.076349839915803
600,5500,3.1212269140684694
600,5501,2.972023911940531
600,5502,2.760603058340058
600,5503,3.0464953448675884
600,5504,2.942843451545127
600,5505,3.010421541702456
600,5506,2.894755744354222
600,5507,2.805963988372425
600,5512,3.0835610246588048
600,5513,3.092758366008945
600,5515,3.0144206374623206
600,5521,2.9799755477954037
600,5522,2.9516571882747726
600,5523,2.9290870882307907
600,5524,2.960296466786359
600,5525,3.0464953448675884
600,5527,2.960229146725186
600,5529,2.997589198495529
600,5530,3.1050488026620595
600,5531,2.913102256085478
600,5532,3.0651518460007883
600,5537,3.0516234620752
600,5538,3.329354467609016
600,5539,3.2179730452810618
600,5541,2.909646176918437
600,5543,2.892749296974117
600,5544,2.921075683286378
600,5548,3.0865617165057744
600,5550,3.198501068128672
600,5553,3.0028132458781314
600,5556,2.900123434984367
600,5560,3.1074533032549443
600,5562,2.8974878351731004
600,5563,2.949580802216036
600,5564,2.7869853463583465
600,5568,3.0927461968597956
600,5570,2.9657957147725225
600,5572,2.9528279533722133
600,5573,2.9372170651618794
600,5574,2.833993891746895
600,5575,3.0035821014544015
600,5577,2.99464196684368
600,5580,2.70996820401695
600,5581,2.8895254736271356
600,5582,2.9103154086688385
600,5584,2.873456432972223
600,5588,3.1483488740997037
600,5589,2.913114125586572
600,5590,3.177479017076015
600,5591,2.899184387816575
600,5596,2.9180330531297187
600,5597,2.883583667086963
600,5601,3.026931585965911
600,5602,3.0686058994313985
600,5603,3.0691132735856965
600,5604,3.053583616887312
600,5607,3.0521298062141087
600,5608,2.950635431899275
600,5609,2.74490035990464
600,5610,2.9789011733068715
600,5611,2.936753905426595
600,5612,2.7683036678525004
600,5613,3.0946397236921226
600,5614,3.0172295426558544
600,5615,3.0144206374623206
600,5619,2.9700701761050414
600,5620,2.978125534105909
600,5621,2.9177678931762157
600,5625,2.9202749551978298
600,5628,2.9716773601524786
600,5629,3.0982731611493857
600,5630,2.8527273189417115
600,5632,3.0144206374623206
600,5633,2.917192706295849
600,5635,2.9570100787681497
600,5636,2.942277429271341
600,5637,2.895194162003517
600,5638,3.1049789794729175
600,5640,2.9614135742985286
600,5643,3.2782618540936133
600,5644,3.055566817278696
600,5646,3.0779885146608654
600,5649,3.0694026472253597
600,5650,3.114789267772625
600,5651,3.1134891455068883
600,5657,2.9378988330905025
600,5663,2.8409329914224943
600,5664,2.9202506292568686
600,5665,2.9394462872743463
600,5666,2.977440406969646
600,5667,3.0460128521633463
600,5668,2.9246345595958156
600,5670,3.061232595717129
600,5672,3.2872395339257765
600,5675,2.989312227742634
600,5678,2.959502853384306
600,5680,2.9406705727721114
600,5682,2.92203247931086
600,5684,3.09681167327392
600,5685,3.010762020481285
600,5688,2.9270940293241368
600,5689,2.8486119884773946
600,5690,3.0794412042845147
600,5693,3.0844675265058887
600,5694,3.0748369486407325
600,5696,3.0144206374623206
600,5699,3.306023794175957
600,5700,3.1056398709270896
600,5704,2.9614135742985286
600,5706,3.0822584052362347
600,5707,3.0700027497388738
600,5710,3.0990109569368705
600,5712,3.0619243805428975
600,5720,3.035697662027951
600,5721,3.055476600533923
600,5723,3.0655824076938503
600,5733,2.788394812145639
600,5735,3.3875232759362546
600,5736,3.3875232759362546
600,5741,3.0172295426558544
600,5742,3.0926811213633374
600,5745,3.0717493354200247
600,5746,2.893937188991337
600,5747,3.0528243204021446
600,5749,3.045359871790095
600,5752,3.122667476594287
600,5755,3.1065936287864555
600,5764,3.0054165005451203
600,5767,3.0645732224277316
600,5768,3.2245253239756084
600,5771,3.0187121286933656
600,5772,3.0144206374623206
600,5773,3.095120112383062
600,5779,3.0640828072162822
600,5780,3.1800861172223813
600,5782,2.907793187215275
600,5784,3.0694026472253597
600,5785,2.992798397626757
600,5786,2.8808499144607906
600,5787,2.8159323719615115
600,5788,2.991579476815845
600,5791,2.979307831180744
600,5792,2.999668280212198
600,5796,3.055736897613147
600,5797,3.3578667803829965
600,5799,3.008153433608856
600,5801,3.0753924374922166
600,5802,3.0436960536803994
600,5803,2.9466156555882312
600,5804,3.0246902475483695
600,5809,2.7863112132326204
600,5810,2.9202362668258117
600,5812,2.9888630360771535
600,5817,2.953601034702615
600,5818,3.0172295426558544
600,5820,3.049125205636606
600,5826,3.10357268323436
600,5828,2.8718704604613086
600,5829,3.022684400897219
600,5833,2.9040988456217223
600,5836,3.034302765698345
600,5838,3.0199064789220826
600,5839,3.0558410082795904
600,5840,3.0521298062141087
600,5841,2.896617894136469
600,5843,2.888898997652411
600,5847,3.050826444103167
600,5849,3.0835610246588048
600,5853,2.987576384003208
600,5856,3.0464953448675884
600,5863,3.1381663580027572
600,5867,2.9708171513350434
600,5872,2.9091586393626434
600,5873,2.874405315138698
600,5874,2.9589333671946187
600,5875,3.0144206374623206
600,5876,2.9042688517374833
600,5880,2.901362576379721
600,5881,2.9289318466914125
600,5882,3.002188964916592
600,5883,2.7921396446732225
600,5884,3.1483264947208935
600,5888,3.0035821014544015
600,5889,3.0172295426558544
600,5890,3.049643955855817
600,5891,2.884347589919297
600,5893,2.871065309438526
600,5896,2.9524157110638445
600,5899,2.9675572161606407
600,5900,2.9237619322823885
600,5901,2.9271493154382426
600,5903,2.7754863731630457
600,5909,3.053594748486765
600,5912,3.0645732224277316
600,5915,2.9426821793282265
600,5919,3.1388131368531202
600,5922,2.7509026621485306
600,5925,3.1243291129609205
600,5927,3.0894464946086435
600,5929,3.0651518460007883
600,5932,3.434623027008317
600,5938,3.0632781293379594
600,5941,3.006032204328009
600,5942,2.910282817763331
600,5944,2.879633413098393
600,5947,2.9543147823827773
600,5949,2.788394812145639
600,5951,3.002730280660831
600,5953,3.0100467818006167
600,5954,2.8950129277795082
600,5955,2.93407713859926
600,5957,2.925664090790311
600,5959,2.9091171992881555
600,5961,2.7572150457635427
600,5962,2.8571187755570104
600,5963,3.006160688840138
600,5965,2.8948214504115755
600,5968,2.9454221521680575
600,5969,2.9263724830773556
600,5974,3.332463555480858
600,5975,3.0124717878000102
600,5979,2.93072110092391
600,5980,2.9250797259789993
600,5984,3.0172295426558544
600,5986,3.011719983263025
600,5988,3.039254161402225
600,5989,2.9403552834286115
600,5990,3.1607110397695894
600,5993,2.981608907867796
600,5994,2.967001234447047
600,5995,2.9947904329296513
600,5999,3.038183492947071
600,6001,3.0744877639378627
600,6002,2.9612155601953782
600,6005,3.0249901320120713
600,6006,2.9674284200581353
600,6009,2.9503385117050263
600,6012,2.9696207669009493
600,6013,2.8865518299661517
600,6014,2.9028292508860876
600,6016,2.956610165106719
600,6020,3.0479125560515037
600,6021,2.9581090879420078
600,6022,2.854336611999524
600,6023,3.0398947809502808
600,6025,3.0835610246588048
600,6027,2.891284801410318
600,6030,3.0960699989462386
600,6031,2.9954305191006694
600,6033,2.8989571661258693
600,6035,3.0022291515147095
600,6036,3.099902413868297
600,6039,3.108565111847555
600,6040,2.8305720525668883
600,6041,2.929472125874123
600,6042,3.9576412683795246
600,6044,3.096882212712427
600,6049,2.8522631907371543
600,6051,2.969094288874877
600,6055,2.8644998909860364
600,6057,2.8835855287993457
600,6058,2.8248039163287784
600,6059,2.7267843047493305
600,6060,2.990022512493085
600,6062,3.696976359827394
600,6063,2.960202432655176
600,6064,2.9602033112970214
600,6067,2.982032335018414
600,6070,3.0144206374623206
600,6078,2.9120597665092536
600,6086,2.9503385117050263
600,6090,3.0917189856556724
600,6093,3.327097303434799
600,6095,2.7509026621485306
600,6101,3.0264934946591717
600,6104,3.1658842700036436
600,6107,3.0100467818006167
600,6111,3.14518542642715
600,6116,3.1351504143520605
600,6119,3.0835610246588048
600,6122,3.159256598940997
600,6123,3.9576412683795246
600,6124,3.1472041770287515
600,6125,3.173401138760221
600,6140,2.913626345055331
600,6141,3.0835610246588048
600,6143,3.08964197406812
600,6145,2.884347589919297
600,6148,2.9657957147725225
600,6153,3.0765852599759276
600,6156,2.942394480710401
600,6157,2.80567999980699
600,6158,3.039192629530188
600,6159,2.982232936188051
600,6162,2.9757217526918236
600,6163,2.921728676803268
600,6166,2.8715249937090386
600,6169,3.0542677527213193
600,6170,3.0947422344991966
600,6178,3.020710091094322
600,6181,3.0106078071175677
600,6182,3.057875983489866
600,6183,3.0715898792621052
600,6184,2.9917240762826083
600,6185,2.8782876601686875
600,6186,2.8639694129488253
600,6187,2.908834352590518
600,6188,2.9565460000614565
600,6192,3.0226366071500563
600,6193,2.9811418529785887
600,6195,3.9576412683795246
600,6196,2.8708962321789837
600,6197,3.022797592205689
600,6201,3.047856364174441
600,6202,3.0464953448675884
600,6203,2.917884482660363
600,6204,2.8832218307273596
600,6210,3.003472581524662
600,6212,2.9395042598242074
600,6213,2.8561886805202397
600,6214,2.9581090879420078
600,6215,2.9665007012849167
600,6216,3.0144206374623206
600,6217,2.959654337498535
600,6218,3.01516481265662
600,6219,2.8714478960596637
600,6220,2.9076437305702414
600,6222,2.91320300408603
600,6223,3.001535595623376
600,6225,2.9894343844762505
600,6228,3.028903308602804
600,6232,3.0461762370971344
600,6234,3.069131191212959
600,6235,3.0100467818006167
600,6237,2.9739481044669573
600,6238,2.9324273503615976
600,6239,3.057608260507467
600,6241,3.0464953448675884
600,6244,3.005396982986695
600,6245,3.0690074362506152
600,6246,2.8617627398581487
600,6249,2.9779028744372207
600,6250,2.881178645109079
600,6251,2.9823654009529776
600,6252,2.9750570585321374
600,6254,3.0829737182443075
600,6263,2.863415366389003
600,6264,2.8605769914498533
600,6265,2.946375455688442
600,6266,2.9956855934151863
600,6267,2.9122390329901924
600,6268,3.015543367889511
600,6269,3.134209366495854
600,6270,3.1715784061735586
600,6271,3.0464953448675884
600,6273,3.0464743025907395
600,6279,2.978016260148293
600,6280,2.8735259861459195
600,6281,2.913511751407959
600,6283,2.9048541743530967
600,6285,2.965992788846004
600,6286,3.0436373374899084
600,6287,2.96998190816418
600,6288,2.9559653704596682
600,6289,2.9425644664959485
600,6290,2.9118412596562027
600,6291,3.0035821014544015
600,6294,2.8904844613476977
600,6295,3.0835610246588048
600,6296,3.0126179508714817
600,6297,2.9707760181350693
600,6298,2.952701779820532
600,6299,3.9576412683795246
600,6300,2.9973817440592616
600,6301,3.0148560651266525
600,6302,2.9158975952556165
600,6303,2.9377841401439273
600,6305,2.9717074174674534
600,6306,3.9576412683795246
600,6308,3.0387554344947834
600,6310,3.0593856004776945
600,6313,2.9007328785848174
600,6314,2.8950072770025215
600,6315,3.056507766582219
600,6316,3.1720742773722406
600,6320,2.914364893201986
600,6322,2.8111458284370108
600,6323,2.8665108119227916
600,6324,2.982638613521605
600,6327,3.006084360790694
600,6329,2.9383965621911714
600,6330,2.921867237556516
600,6331,2.9910214866856113
600,6332,2.972396469795901
600,6333,2.9072917383214616
600,6334,2.9366957995729104
600,6335,2.9054287032505486
600,6336,3.0144206374623206
600,6337,2.941528930667139
600,6338,2.9470220905784705
600,6339,3.0521298062141087
600,6341,2.9284530093807044
600,6342,3.0036377534236247
600,6344,3.0464953448675884
600,6345,3.0903206170571886
600,6347,3.1021520258443664
600,6348,3.193262410643742
600,6349,3.0922491429078254
600,6357,3.0839183209197025
600,6358,3.0683266987897486
600,6365,2.8319459302510395
600,6367,2.971562666927926
600,6368,2.964925727139187
600,6370,3.0464953448675884
600,6371,3.194613525592405
600,6373,3.0411498049492875
600,6374,2.9408405018262864
600,6375,3.0199213591579825
600,6376,3.055232542223974
600,6378,2.8308919991395327
600,6379,2.8368106095399135
600,6380,2.9902178325677706
600,6382,3.0144206374623206
600,6383,2.805963988372425
600,6385,3.0259219617158863
600,6386,3.0829348297104433
600,6387,2.959502853384306
600,6390,2.9902775938876798
600,6395,2.9198359324055807
600,6400,3.9576412683795246
600,6402,2.9475476271785306
600,6405,3.083381291464254
600,6407,3.0651518460007883
600,6408,3.159256598940997
600,6410,3.078873751894344
600,6412,3.1105225939064227
600,6415,3.063819289238201
600,6417,2.715751734550505
600,6422,3.0159802071376354
600,6424,2.910376048307739
600,6425,3.0835610246588048
600,6427,3.0593242841669555
600,6428,3.0944109562765414
600,6429,3.173353391090011
600,6433,3.9576412683795246
600,6434,2.957375015822406
600,6436,2.8655176757124687
600,6440,2.950635431899275
600,6442,3.0651518460007883
600,6448,2.9913076146019875
600,6449,2.9796394151849697
600,6452,3.0144206374623206
600,6453,3.765339465298323
600,6454,2.9122776422423047
600,6460,3.0144206374623206
600,6461,3.0220260507855397
600,6464,2.8914419750549456
600,6465,3.0144206374623206
600,6466,2.886646071936045
600,6476,2.825291977544558
600,6477,3.0352773625075367
600,6480,3.072570924079786
600,6482,2.9756544026069474
600,6483,2.932701061301789
600,6484,2.873789419284482
600,6493,3.0464953448675884
600,6503,2.911101787420256
600,6506,2.76995704141397
600,6510,3.0172295426558544
600,6514,3.0694026472253597
600,6515,3.07424905834233
600,6516,2.9890370142443747
600,6517,2.8429522315657128
600,6523,2.9565683363653417
600,6527,3.0580904944247504
600,6528,3.0957985860579056
600,6530,2.9724882091622566
600,6533,3.0835610246588048
600,6534,2.9003776731828155
600,6535,3.0835610246588048
600,6536,3.194006821239707
600,6537,2.8692518288466085
600,6539,3.0749054578377666
600,6541,3.088048819955653
600,6542,3.048682939850822
600,6545,3.0174788019827106
600,6547,3.0623901607524324
600,6548,2.860824763675987
600,6549,2.9842995723786756
600,6550,2.944541704015298
600,6551,3.001026311039684
600,6552,2.9616021750744537
600,6553,3.0144206374623206
600,6554,3.057130955880948
600,6557,2.940374450010478
600,6560,2.8747232586552416
600,6561,3.046658716363823
600,6563,3.0521298062141087
600,6564,3.0006110549134357
600,6565,2.9083805676680763
600,6566,2.904332413578633
600,6567,3.0049951302440583
600,6568,3.0461380683990176
600,6571,3.0144206374623206
600,6572,2.970450668616462
600,6573,3.0394783345630922
600,6574,2.769339403929949
600,6577,2.9417983303956547
600,6578,3.0835610246588048
600,6579,3.0693070031053318
600,6581,3.0749063322858894
600,6582,3.0155580463194642
600,6583,2.8135059226277965
600,6586,3.0835610246588048
600,6587,2.9430204036625924
600,6588,2.921728676803268
600,6591,2.9785431837159004
600,6592,2.9539214753330367
600,6593,3.0325771169998865
600,6595,2.77673561799491
600,6596,3.0464953448675884
600,6597,2.8135059226277965
600,6598,3.9576412683795246
600,6603,3.0317897553144286
600,6604,3.0835610246588048
600,6609,3.0144206374623206
600,6611,2.992500621414644
600,6612,2.8402135454330995
600,6614,2.9129421028866536
600,6615,2.802091288923987
600,6616,2.920724196789659
600,6617,2.8201249285397467
600,6618,3.003472581524662
600,6619,2.9628937577255305
600,6624,2.9939860237410234
600,6625,2.9304204989978997
600,6628,3.0835610246588048
600,6629,2.957263285820471
600,6631,2.808552026498967
600,6636,3.0912739286164497
600,6638,3.0736976131816203
600,6639,2.9589669488019266
600,6644,3.0172295426558544
600,6645,2.977317709278938
600,6650,3.0591797241578487
600,6654,3.0432340674313907
600,6656,3.009392518648449
600,6658,3.049330178187475
600,6660,3.1278337144014317
600,6662,3.1007550698771698
600,6663,3.05626829323728
600,6664,3.010500543683476
600,6665,3.0645570543943905
600,6666,3.130761168846965
600,6667,2.816707818352891
600,6668,3.0172295426558544
600,6669,3.035323388041394
600,6670,3.007258672656406
600,6671,2.9209567077433944
600,6678,2.8859236308740313
600,6679,3.1181893333084583
600,6684,3.0172295426558544
600,6686,3.03682053192777
600,6687,2.9692451865261225
600,6688,3.0521298062141087
600,6689,2.9947287291660487
600,6691,3.044989261670479
600,6692,3.9576412683795246
600,6695,2.7824188652947024
600,6696,3.0564643453578872
600,6699,3.004588144088453
600,6702,2.9875903156680286
600,6705,2.9696612097629758
600,6706,2.958024113449863
600,6707,2.888900536650709
600,6708,2.9616816231613083
600,6709,2.8630555307313976
600,6710,3.0079033141709983
600,6711,3.0322751811947746
600,6713,3.0681280874159134
600,6715,2.7804460333090755
600,6718,3.097404972964031
600,6720,2.8692315078716923
600,6721,2.9932046246026505
600,6722,2.9077643247155236
600,6723,2.7509026621485306
600,6731,3.024374785257284
600,6732,3.0839183209197025
600,6734,2.997872846885045
600,6744,3.1289268253964995
600,6746,3.0896783660843594
600,6748,3.1323132021545708
600,6751,2.886953671090666
600,6752,2.9405922467416885
600,6753,3.012648514638083
600,6754,3.013722756554265
600,6755,3.0815047057742957
600,6760,3.0828963485967003
600,6763,2.971297692578831
600,6764,2.966159971715246
600,6765,2.9783685215571865
600,6768,2.9130581555455586
600,6769,3.037999852208894
600,6770,2.986866182160361
600,6772,3.9576412683795246
600,6774,3.114721907256005
600,6775,2.957018727079013
600,6776,3.0597213127861926
600,6777,3.0840972195591
600,6780,2.885463944008881
600,6782,3.1102576306155463
600,6783,3.0521298062141087
600,6785,3.1169669653359855
600,6786,3.0989307268252295
600,6787,2.9882885067321174
600,6788,2.9136280851874616
600,6789,3.0206093777640772
600,6790,3.1185630403491036
600,6791,3.0144206374623206
600,6793,2.936533540597344
600,6794,2.9085684386771637
600,6796,3.0035821014544015
600,6797,2.865117409767259
600,6798,3.1027216824647654
600,6800,2.952269081017139
600,6803,2.913626345055331
600,6804,3.115404267544275
600,6808,3.0003292546859806
600,6809,2.788394812145639
600,6810,2.83559750807494
600,6811,2.881986119033294
600,6812,2.8585480470739957
600,6814,3.009522440303511
600,6816,3.1200069901984624
600,6817,2.892816373971155
600,6818,3.0100467818006167
600,6820,2.9163282248984514
600,6821,3.0544865144083757
600,6827,2.9067122224447384
600,6832,2.880360302165515
600,6835,2.871847375947445
600,6836,3.0791115013969357
600,6837,3.043543591777765
600,6849,3.211803342878447
600,6850,2.9365102100348754
600,6851,2.935463406363951
600,6852,3.0398132349310614
600,6853,3.1090027422865556
600,6856,3.0807416340666913
600,6857,3.2004346853969396
600,6858,3.0144206374623206
600,6860,2.879507638497369
600,6862,2.8863705494277627
600,6863,3.0148319608523653
600,6867,3.0208614847906636
600,6868,2.939910565275424
600,6869,3.3191554494927233
600,6870,2.901851420963496
600,6872,2.8620255933734926
600,6873,2.9583885310280933
600,6879,2.8869562015419428
600,6880,2.8464101338066183
600,6881,2.9948920495378526
600,6882,2.9475216991774413
600,6883,2.9985529289908603
600,6884,2.9063664455060914
600,6885,2.945138018586522
600,6886,2.959053820001875
600,6887,2.908410332240706
600,6888,2.9430766205990952
600,6889,3.0618327464169086
600,6890,2.9428751112427873
600,6893,3.0211411251914186
600,6898,2.9747178865586963
600,6899,3.0670466548754414
600,6902,3.0406988217208446
600,6909,2.788394812145639
600,6911,3.088941066421076
600,6912,3.0648323429361235
600,6918,3.0144206374623206
600,6920,2.841530705433106
600,6927,2.908425893240175
600,6932,2.9220880608471287
600,6934,2.8385297835072354
600,6935,3.9576412683795246
600,6936,3.0548126917142016
600,6938,3.9576412683795246
600,6939,3.0172295426558544
600,6942,3.010080140026353
600,6944,2.8845080586634597
600,6945,3.9576412683795246
600,6946,3.058078556972622
600,6947,2.9790601472485947
600,6948,3.0104894571059213
600,6949,2.980506232957746
600,6950,2.8846057999313106
600,6951,2.9497018946940097
600,6952,2.8523266977624404
600,6953,2.938729071380843
600,6954,3.0408551902090086
600,6957,2.9329048686344845
600,6958,3.05517198666128
600,6959,2.890212603872908
600,6961,3.0144206374623206
600,6962,3.9576412683795246
600,6963,2.9807358262045507
600,6965,2.978976841760013
600,6966,2.891661259300616
600,6967,3.0528757788968357
600,6969,2.985075095428478
600,6970,3.0278746352092916
600,6971,2.950635431899275
600,6973,2.870593127849138
600,6974,2.90179595150979
600,6975,2.9601271444738706
600,6979,3.0025794855708448
600,6981,3.0144206374623206
600,6982,3.0100467818006167
600,6983,3.0172295426558544
600,6984,3.0173478917582788
600,6985,3.0144206374623206
600,6986,3.0509883488560514
600,6987,3.2892375522496766
600,6989,2.9904371090670594
600,6990,3.023872457070726
600,6992,2.922929790318867
600,6994,2.885716599839582
600,6996,2.759955827437138
600,6997,2.839829477013188
600,6998,2.86219804879759
600,6999,2.90482672033123
600,7000,2.904236647965822
600,7001,2.9121415594590507
600,7005,3.0835610246588048
600,7007,2.8942984929178017
600,7008,3.0172295426558544
600,7009,2.862178114208459
600,7010,3.0172295426558544
600,7012,2.9857505633943235
600,7013,2.9984664132431083
600,7015,2.916761776722388
600,7016,2.9864971537773686
600,7017,2.7403666309944343
600,7018,2.8548905046971877
600,7019,3.0458429064915125
600,7020,2.9959876397928977
600,7023,3.0464953448675884
600,7024,3.0144206374623206
600,7025,2.8473944891710774
600,7026,3.1158440249124517
600,7027,3.03322581222647
600,7028,2.9068205636117637
600,7030,2.859985150069051
600,7031,2.845818704495164
600,7032,2.8740750468539424
600,7033,3.0651518460007883
600,7034,3.0172295426558544
600,7036,3.2176221453273386
600,7037,3.0521298062141087
600,7038,2.9343140721369823
600,7040,2.9668168681054827
600,7041,2.875696503553286
600,7044,2.8923496784935
600,7045,2.995394909871682
600,7046,3.1253809727033848
600,7047,2.990043456597464
600,7048,2.881536564125459
600,7049,3.0763338169650956
600,7050,3.089878341066824
600,7051,3.0835610246588048
600,7052,3.0388749412898672
600,7053,3.093219497797075
600,7054,3.0247655892067926
600,7055,3.1114207504091453
600,7056,2.9880341263917516
600,7057,3.1469946643020377
600,7058,3.032740829195316
600,7059,3.071255124970755
600,7060,3.048121475966322
600,7061,3.00919191011247
600,7062,3.0220849029472108
600,7063,3.0558410082795904
600,7064,3.1715784061735586
600,7065,3.0518709444152257
600,7067,3.1126803362864046
600,7069,3.0144206374623206
600,7070,3.0771873310924356
600,7071,3.107249373835426
600,7072,3.033003423328564
600,7073,3.040302048462876
600,7074,3.1286073834598165
600,7075,3.167383260482107
600,7076,2.9337272731993376
600,7078,3.058289565964769
600,7079,3.0064962840212544
600,7080,3.0542781229339693
600,7082,3.0580016546164286
600,7083,3.090188160144102
600,7085,3.0566869741896734
600,7086,3.050635020255371
600,7087,3.130099445465188
600,7088,3.0172295426558544
600,7089,3.0556115044162135
600,7090,2.9932046246026505
600,7091,3.0881844016095927
600,7092,3.007362607234403
600,7093,3.0820077247623767
600,7096,3.1120283091652263
600,7099,3.1534049078919124
600,7101,2.908364619324517
600,7102,3.0483658118353065
600,7103,2.9135088064046912
600,7104,3.0753924374922166
600,7107,3.040495671709792
600,7108,2.9425967430878615
600,7109,3.0172295426558544
600,7114,2.963805309064728
600,7115,2.913626345055331
600,7116,2.913626345055331
600,7118,3.0424983806977006
600,7121,3.0598050398651995
600,7122,3.0473338504762912
600,7123,3.010533465473225
600,7124,3.9576412683795246
600,7125,2.894333583322027
600,7127,2.814879342431379
600,7131,2.985261308623579
600,7132,3.1143301340213516
600,7134,2.950635431899275
600,7137,2.9962501980191463
600,7139,2.98986295136655
600,7141,2.9689773951121925
600,7142,2.9472654791243453
600,7143,2.9193908625644047
600,7149,2.9707553879752258
600,7150,2.9514208816927674
600,7151,2.956389701064801
600,7154,3.0172295426558544
600,7155,3.0025230060988344
600,7156,3.5355525531629484
600,7158,2.9095635687870183
600,7162,2.961793727129473
600,7163,2.799849486987848
600,7164,3.034187424360047
600,7165,2.9527271725112723
600,7167,2.9597355446496074
600,7169,2.980291694563355
600,7171,3.0077070912354307
600,7173,2.982815486813231
600,7175,2.7689242099876172
600,7176,3.0144206374623206
600,7177,3.0022965443453824
600,7178,3.069807635803792
600,7179,3.0172295426558544
600,7181,3.048533238613466
600,7184,3.0172295426558544
600,7190,3.026936540470479
600,7191,2.9017588253866067
600,7192,2.731205351833292
600,7193,2.8821306636042188
600,7202,2.8503808125884853
600,7205,3.0470699880542123
600,7206,3.0835610246588048
600,7208,3.019263249555563
600,7209,3.0835610246588048
600,7211,3.0420882183738445
600,7212,3.058870307274316
600,7215,2.991308299145925
600,7216,2.955556477083699
600,7217,2.9703498899059966
600,7218,3.0535424446902173
600,7219,3.007831871100466
600,7222,3.0521298062141087
600,7223,3.079544406445897
600,7225,3.6150234133931103
600,7228,3.2327794917611876
600,7234,3.0144206374623206
600,7235,2.9824266460491886
600,7236,3.059422454487384
600,7238,3.0100467818006167
600,7243,3.0144206374623206
600,7245,3.0292909514047985
600,7248,2.991667103245727
600,7251,2.861284823731334
600,7254,2.907884404895539
600,7256,3.152233730632748
600,7257,2.913949969071014
600,7258,3.0645732224277316
600,7259,2.957657934425992
600,7260,3.0023221869809125
600,7261,2.940297933724135
600,7262,2.9429472961257273
600,7263,2.889734270131766
600,7264,3.0677721406451806
600,7265,3.0319410406434573
600,7266,2.9925204571987853
600,7282,3.017368188533566
600,7285,3.0144206374623206
600,7292,3.1056289589219106
600,7294,2.9287677453289214
600,7297,3.0521298062141087
600,7299,3.0144206374623206
600,7301,3.0144206374623206
600,7302,3.214622192756148
600,7303,3.0033359787582783
600,7304,3.23769294897787
600,7305,3.0113694478153072
600,7306,3.064614901385235
600,7307,2.991667103245727
600,7308,3.1572824640548127
600,7310,2.9814214462648727
600,7311,3.0172295426558544
600,7312,3.0521298062141087
600,7315,2.9893544465414195
600,7316,2.9363315575945714
600,7317,2.989300572328528
600,7319,3.0815047057742957
600,7320,2.92391806305425
600,7321,2.7899425270144094
600,7324,2.9179768388389657
600,7325,2.889102801216859
600,7326,3.0035821014544015
600,7327,3.0590803386323815
600,7328,3.0144206374623206
600,7333,2.9503385117050263
600,7335,3.0965828314256556
600,7336,3.0100467818006167
600,7340,3.0835610246588048
600,7344,3.074574646461275
600,7345,2.965981893078506
600,7346,2.939658633357985
600,7347,2.8531435417057702
600,7348,2.7473298413832676
600,7349,3.0144206374623206
600,7352,3.0343998251736988
600,7354,2.9346523630263786
600,7357,2.9892846962141557
600,7360,2.878625448223094
600,7362,2.877912057662455
600,7364,3.0128298053973137
600,7366,2.9780706095161875
600,7367,2.9194060002307802
600,7368,2.89495953006854
600,7369,2.970463154038576
600,7371,2.9452065103101477
600,7372,2.9725834757001617
600,7373,2.9847277887596237
600,7375,2.9758584654171103
600,7376,2.7456400264467438
600,7377,2.9364739176754413
600,7379,2.8988149605466895
600,7380,3.0604370230439497
600,7381,2.9034770854602323
600,7382,2.959391858121558
600,7386,3.0723916815983356
600,7387,3.003976623024587
600,7390,2.98618112776359
600,7394,3.0407242024194034
600,7396,3.0144206374623206
600,7411,3.1410404055137877
600,7414,3.0124882609791377
600,7419,3.0962127095368017
600,7439,2.796019621736073
600,7440,3.093411122576806
600,7443,3.9576412683795246
600,7445,2.873239613375729
600,7448,2.9744946355464226
600,7449,2.908367454778504
600,7450,2.99488543709228
600,7454,3.007851051859524
600,7455,2.9473664177595222
600,7457,2.9709623834086534
600,7458,2.930277034697349
600,7459,3.0024960130912137
600,7460,3.0521298062141087
600,7477,2.884347589919297
600,7479,2.97440482470059
600,7481,3.0575878761400817
600,7482,2.9680761873741903
600,7486,3.0172295426558544
600,7487,2.892647162906111
600,7492,3.0237309472795206
600,7493,3.005000843368033
600,7541,2.967411192858191
600,7560,2.9510145520626914
600,7561,3.151293406013593
600,7562,2.7353634127163753
600,7564,3.0694026472253597
600,7569,2.934381665405403
600,7570,3.0048121969668102
600,7572,2.945845857097375
600,7573,3.0456936159480383
600,7579,3.059915008059535
600,7581,3.0075711413024084
600,7584,3.0914953425271587
600,7587,2.9503385117050263
600,7614,3.1627721805112796
600,7615,3.1079312024534334
600,7616,3.0163336120253734
600,7618,2.883618872372039
600,7619,3.0413495966397357
600,7620,2.9811078528921144
600,7624,2.8613069215328863
600,7636,2.804130238443507
600,7646,2.913626345055331
600,7647,3.0835610246588048
600,7649,2.841226459429972
600,7650,3.0694026472253597
600,7657,3.0929694465768507
600,7669,3.0172295426558544
600,7698,2.9599044386192164
600,7700,2.957341323775983
600,7701,2.8990293593027867
600,7702,3.004542867378799
600,7704,3.0692958084578095
600,7705,3.040495331669173
600,7706,3.1259009031623592
600,7707,3.0464953448675884
600,7708,3.192970970535368
600,7713,3.010356610812901
600,7714,3.089299099489626
600,7716,3.0711460350507385
600,7720,3.045035658080233
600,7727,3.1028463172593392
600,7728,2.96658169888156
600,7730,2.9436095131101325
600,7742,3.0237309472795206
600,7743,3.085422172144783
600,7745,3.0144206374623206
600,7748,3.0035821014544015
600,7749,3.0144206374623206
600,7753,2.843570624285049
600,7756,2.9426821793282265
600,7757,3.190127464349357
600,7762,2.96937098577565
600,7766,2.9100108006197583
600,7767,3.0144206374623206
600,7772,2.8999535374090097
600,7773,2.939080098812597
600,7781,3.0835610246588048
600,7782,2.8286332106897736
600,7786,2.8606933910562056
600,7789,3.0144206374623206
600,7792,2.927699865859188
600,7802,2.967328231702014
600,7810,2.83685448553904
600,7811,2.8550007259250827
600,7812,2.8534498202056597
600,7815,3.1074533032549443
600,7820,3.0035821014544015
600,7822,3.0259210825869878
600,7826,3.036088734825203
600,7831,3.0283519363446962
600,7832,3.038780530606293
600,7833,3.039655216425989
600,7834,3.0049986911616635
600,7835,3.031513305934707
600,7839,3.1317082425465053
600,7840,3.1177982932238257
600,7841,3.272012677753277
600,7842,3.1202382958842643
600,7843,3.05814840678158
600,7844,3.003472581524662
600,7845,3.0469399523686866
600,7846,2.9623558529961804
600,7879,3.0835610246588048
600,7882,3.188119051081381
600,7883,3.0512848247618387
600,7884,2.968879077879984
600,7888,3.069747851128743
600,7889,3.1924180715581
600,7891,2.996431587713261
600,7894,2.826938545842579
600,7895,2.966252300252232
600,7896,3.1004646439273307
600,7899,2.7509026621485306
600,7900,2.9941255668864417
600,7916,3.015763723892047
600,7920,3.122030966057253
600,7924,2.9510684702544343
600,7925,2.9683054879967017
600,7926,2.950719807134766
600,7930,2.847426456763668
600,7932,2.9611646956839732
600,7936,3.0100467818006167
600,7937,3.0144206374623206
600,7938,3.0144206374623206
600,7939,3.0144206374623206
600,7940,3.0190796549162524
600,7943,3.1602085889968903
600,7944,2.978578001152052
600,7951,2.959872440123369
600,7976,2.9617056751008097
600,7979,3.5318331563443355
600,7980,2.9827997958304584
600,7981,2.9503385117050263
600,7982,2.9724882091622566
600,7984,3.0755374281006755
600,7986,2.7916604107474576
600,7987,3.2649076540964743
600,7988,2.915557112979353
600,7991,2.971529347240772
600,7993,3.0815047057742957
600,8008,3.2585631982433365
600,8010,2.837297253319753
600,8011,2.99030396534664
600,8012,3.0521298062141087
600,8014,3.0144206374623206
600,8015,3.2354939018379807
600,8016,2.911912359442997
600,8019,2.9724882091622566
600,8024,2.9429140771313693
600,8025,2.990954137500623
600,8033,3.0260962546017565
600,8035,2.900123434984367
600,8042,3.0367477731171717
600,8043,2.9290484596214106
600,8044,3.0303000506927735
600,8045,3.01638122708644
600,8057,3.0184697897523662
600,8092,2.8802271924033307
600,8093,2.9338106226679193
600,8094,3.0051587137182296
600,8117,3.003472581524662
600,8118,2.9143707558679104
600,8119,3.0914739688160626
600,8121,3.0835610246588048
600,8125,3.0172295426558544
600,8126,3.111134612637789
600,8128,3.0159070832292034
600,8131,3.0651518460007883
600,8132,2.828544652452254
600,8136,3.014082400466367
600,8137,2.9804592233105094
600,8138,3.026189871226142
600,8142,2.8179512351021683
600,8143,3.0144206374623206
600,8147,3.0163392433755347
600,8153,2.9777434109145666
600,8154,3.0144206374623206
600,8157,3.2372092391040814
600,8158,2.86657408966856
600,8167,3.0114871528872214
600,8183,3.087445769456768
600,8188,3.0144206374623206
600,8189,3.0835610246588048
600,8190,3.0266068151057084
600,8191,3.032981475319015
600,8195,3.0206093777640772
600,8196,3.0928121129971697
600,8197,3.0141279984221816
600,8199,2.950635431899275
600,8207,2.9493278404615113
600,8225,2.7784339300191205
600,8228,3.0651190026994857
600,8232,3.0499930922266474
600,8235,3.043178886095234
600,8236,2.9945247351478383
600,8238,3.063250742119445
600,8239,3.0513159912738583
600,8241,2.856826863916655
600,8253,3.0630320853172166
600,8254,3.0465285673716296
600,8264,3.5865685293236047
600,8266,3.131916758300806
600,8268,2.7286217574222458
600,8270,3.0464953448675884
600,8275,3.099717938105882
600,8290,2.934986626178075
600,8293,2.929706402886523
600,8302,3.0595260169073515
600,8327,3.0179120287379444
600,8331,3.1045860385487165
600,8335,3.0451400967504685
600,8336,3.0883252164952912
600,8337,2.930695859328094
600,8338,3.0310084470180634
600,8340,2.953949935946617
600,8341,3.0590591961010047
600,8361,2.89949874477628
600,8362,2.958910748079353
600,8363,2.961384144547358
600,8364,3.0144206374623206
600,8366,2.987086563653666
600,8369,2.8585347265688266
600,8370,3.003519759230579
600,8371,2.792509146201204
600,8372,2.9811328323297652
600,8373,3.0364909924946875
600,8375,2.962087555444323
600,8378,2.834723719957509
600,8379,3.054874777207359
600,8380,3.0835610246588048
600,8382,3.0799795283319087
600,8383,2.969326834192867
600,8385,3.0307499007921814
600,8387,2.8808554823408596
600,8391,3.029352717737854
600,8402,2.9270079074756588
600,8405,3.0237309472795206
600,8410,2.9964367461394916
600,8424,3.0042884087047206
600,8425,2.9370283370743397
600,8426,3.1277733038674067
600,8427,3.079191459590271
600,8446,2.9754941875084056
600,8447,2.8608918093366213
600,8450,3.0347967892020926
600,8451,3.021378914872383
600,8454,3.1168355731091553
600,8456,2.9503385117050263
600,8458,3.0677813906675993
600,8459,3.053212684520004
600,8461,2.998609968039864
600,8462,3.000964992506282
600,8463,3.0196884207423764
600,8465,3.0408390654797226
600,8477,2.9732189870805623
600,8481,2.9732602643391055
600,8482,3.152241737470409
600,8484,3.0100467818006167
600,8487,3.105675187859162
600,8491,3.0421531446180334
600,8493,2.841432222866281
600,8494,2.9835033870204604
600,8495,2.9423615011032855
600,8500,2.871847375947445
600,8501,2.9247083168864894
600,8502,3.0281634542566955
600,8506,2.8805970715438978
600,8511,3.1269722235716824
600,8512,3.133338895622503
600,8518,3.0144206374623206
600,8521,3.0308424927807533
600,8526,2.9970317119174315
600,8528,2.951601830415931
600,8529,2.982016516166776
600,8530,3.002955410361613
600,8531,2.9054512381402517
600,8532,2.9615012012689648
600,8534,3.055012179488781
600,8535,2.9487967772086034
600,8542,3.1013382063924
600,8571,3.045685564633554
600,8574,3.1291472599051846
600,8575,3.0521298062141087
600,8577,3.125601598686723
600,8578,2.9650894378312573
600,8580,3.197464046459756
600,8581,2.950501407019831
600,8582,3.5355525531629484
600,8587,2.992087811330363
600,8588,2.975592317120614
600,8591,3.07009616637962
600,8593,2.854860740472428
600,8596,3.080300909717189
600,8600,2.953536534814534
600,8601,3.0521298062141087
600,8604,2.9682088312270687
600,8605,3.0088530024268567
600,8607,3.1132164851070976
600,8609,3.0482041575794714
600,8610,3.1803175498276812
600,8611,3.0910819609365188
600,8614,3.0941733101795643
600,8617,3.0144206374623206
600,8620,3.127958566763887
600,8622,3.007392627213458
600,8623,3.0905289066956705
600,8626,3.0209947194725277
600,8632,3.0835610246588048
600,8638,2.954579128515185
600,8640,2.897131408102628
600,8641,2.9855556318112377
600,8643,2.9450324687629137
600,8645,3.0035821014544015
600,8650,3.0144206374623206
600,8656,3.0035821014544015
600,8666,2.933837286337561
600,8667,2.934460096321076
600,8670,2.9210856784836303
600,8677,2.8699044207247186
600,8684,3.0558410082795904
600,8685,3.0521298062141087
600,8690,3.046312610129152
600,8695,3.1143508490430674
600,8711,3.061538571211258
600,8712,3.0880576558455326
600,8713,3.224303311821388
600,8714,3.041301198088649
600,8718,3.018170335874574
600,8720,2.9048996778570833
600,8724,3.0100467818006167
600,8727,3.069676565235774
600,8730,2.9375411841229138
600,8738,3.0597213127861926
600,8743,3.2564252839545436
600,8748,3.0835610246588048
600,8753,3.1247469975694715
600,8754,2.9991017775277173
600,8755,3.9576412683795246
600,8765,2.982057708884632
600,8771,2.878158577477269
600,8772,2.950635431899275
600,8773,2.9484155995328343
600,8774,3.0651190026994857
600,8778,2.991568816660156
600,8781,2.82061243863024
600,8782,2.988695191653226
600,8783,2.869853024677965
600,8784,3.0130840857243197
600,8795,2.991667103245727
600,8796,3.1197705277314585
600,8798,2.8788234102576085
600,8799,2.9671191362402034
600,8800,2.9459291229464393
600,8804,3.0144206374623206
600,8807,3.1005207633275145
600,8808,2.9579715545562397
600,8809,3.0314263772841192
600,8810,2.8463600796708497
600,8813,2.9569433316356255
600,8814,2.9856937820226204
600,8815,2.806215772412202
600,8827,3.159256598940997
600,8830,2.9158807100308253
600,8831,2.8451542038010125
600,8832,2.9932046246026505
600,8833,2.945252920737068
600,8835,2.879231265122883
600,8836,2.910929689381797
600,8838,3.039922937925718
600,8840,3.0144206374623206
600,8844,3.0144206374623206
600,8848,3.0144206374623206
600,8860,2.879408065292243
600,8861,2.807996047493251
600,8864,2.9364105460251224
600,8865,2.8936347666088778
600,8866,2.97035773613794
600,8869,2.9598251783557448
600,8870,2.908720834348102
600,8873,3.0558410082795904
600,8875,3.0144206374623206
600,8879,3.039031593299514
600,8880,3.0785458454416714
600,8894,2.9244534447824635
600,8905,2.949850745152759
600,8906,2.9515416174827465
600,8907,3.0282350416448254
600,8908,2.839742786357982
600,8911,2.8993869332514586
600,8912,2.891288306662835
600,8914,2.9548669826304286
600,8915,2.9521921089819685
600,8916,3.0651518460007883
600,8917,3.003202657811323
600,8918,2.9917520421964223
600,8919,3.036149374793547
600,8920,3.0245062151862614
600,8921,3.0390484412327408
600,8928,3.1131107260030313
600,8933,3.0521298062141087
600,8934,3.1202494123132802
600,8937,2.8831061387940506
600,8938,2.9841978961031272
600,8939,2.8251229100388318
600,8943,3.003796052533598
600,8946,3.0835610246588048
600,8948,2.995932006857848
600,8950,2.959391858121558
600,8951,3.006347543402623
600,8952,2.981436179420781
600,8954,3.9576412683795246
600,8955,2.901038302572125
600,8957,2.8985387912642353
600,8958,2.9696535626028435
600,8959,2.943544612531508
600,8961,3.022806490499343
600,8964,3.016326379973032
600,8965,3.1819781498758046
600,8966,2.9194628938778853
600,8967,3.0815047057742957
600,8968,2.923416460707831
600,8969,2.9943973929448235
600,8974,3.0818880934268655
600,8977,2.916907271219598
600,8978,2.923365610276706
600,8979,2.9655452425357316
600,8982,2.924149111677591
600,8983,2.963901668959865
600,8985,2.9004628478522383
600,8987,3.9576412683795246
600,8989,3.1074533032549443
600,8998,3.9576412683795246
600,9004,3.0721312623286527
600,9005,2.862218697555977
600,9008,2.9894180896399956
600,9010,3.0172295426558544
600,9018,2.9697338116424428
600,25746,3.0195771829787525
600,25750,3.191426548789115
600,25752,3.128838768604691
600,25753,3.041747740574128
600,25757,3.0650127379494596
600,25769,3.0651518460007883
600,25771,3.577305829433599
600,25773,3.0035821014544015
600,25782,3.0835610246588048
600,25788,3.0474691041541866
600,25795,3.036932691104622
600,25797,3.1437156969398528
600,25805,3.0464953448675884
600,25825,3.06494689750624
600,25826,3.047772338239382
600,25827,3.0651518460007883
600,25833,3.0236028102534322
600,25834,3.05704166245827
600,25841,3.0109357953768354
600,25850,3.0319290977498485
600,25855,2.962908647726731
600,25856,3.0585563362927024
600,25865,3.0270559032993827
600,25870,3.118042774837578
600,25886,3.05435907371487
600,25887,3.0437132649660352
600,25898,3.0144206374623206
600,25906,3.0173541673789406
600,25927,2.998978477575351
600,25937,3.0490562144892164
600,25940,3.025203404486417
600,25946,3.0014146576076883
600,25952,3.0576257869490844
600,25959,3.088038662577421
600,25962,2.9751751844471306
600,25963,3.0035821014544015
600,25996,3.074921722319578
600,25999,3.012113871657086
600,26002,2.9581090879420078
600,26003,3.242631187738973
600,26038,3.0444510610678153
600,26048,3.0100467818006167
600,26052,2.993694542602228
600,26059,3.0144206374623206
600,26073,3.0100467818006167
600,26078,3.0144206374623206
600,26082,3.0144206374623206
600,26085,3.031906264746288
600,26095,3.048682939850822
600,26116,2.884347589919297
600,26122,3.019714725092675
600,26124,2.9862485121474536
600,26131,3.0100467818006167
600,26142,3.080220924287514
600,26147,3.0508694321122407
600,26150,3.0100467818006167
600,26151,2.9944765806552387
600,26152,3.02044993580742
600,26158,3.048682939850822
600,26159,2.9425967430878615
600,26169,2.9425967430878615
600,26171,3.0835610246588048
600,26172,2.9384875900109866
600,26176,3.149517530518761
600,26183,3.070120651633787
600,26184,2.992394174628703
600,26195,3.488446390297505
600,26198,3.0764933419224576
600,26225,3.0651518460007883
600,26231,2.96790861756013
600,26236,3.02623878146794
600,26237,3.0267083420068497
600,26242,2.8721975036417184
600,26249,3.094311294017813
600,26265,3.1121893246715397
600,26283,2.9382485294705014
600,26285,3.0399536874061703
600,26303,2.884347589919297
600,26308,3.0172295426558544
600,26313,3.030742698264387
600,26317,3.028321130373106
600,26322,2.9666865702545704
600,26340,3.1362665485263275
600,26344,2.921277476162871
600,26347,3.0464953448675884
600,26350,3.0144206374623206
600,26357,2.995337846842234
600,26359,3.0100467818006167
600,26365,2.8913869973785107
600,26366,3.9576412683795246
600,26375,2.997591272262793
600,26386,3.0450657830409575
600,26391,3.0426195711597814
600,26394,3.043021103608063
600,26399,2.7445871502360593
600,26401,2.9417983303956547
600,26409,2.9614135742985286
600,26413,3.003472581524662
600,26422,3.062114259828074
600,26429,3.0656024458691515
600,26444,3.0676539726246044
600,26453,3.0196651979515607
600,26464,2.9489478633699178
600,26467,3.0498594763302616
600,26471,3.1545643743123453
600,26472,3.0558410082795904
600,26492,3.044480487117543
600,26498,3.0112450907080595
600,26504,2.987013325971368
600,26510,3.1823578486860535
600,26523,2.884347589919297
600,26524,3.390364650622387
600,26527,3.0521298062141087
600,26528,3.029451352956494
600,26539,3.0706424624955138
600,26542,3.200114933242669
600,26547,2.959502853384306
600,26554,3.0624780941414476
600,26555,3.0656813169282353
600,26562,3.0923581497406265
600,26564,3.0516234620752
600,26567,3.0939278755027617
600,26578,3.0144206374623206
600,26585,2.9503385117050263
600,26587,3.009352916855435
600,26590,3.145959657720526
600,26593,3.0424649450620747
600,26599,3.0464953448675884
600,26603,3.103386438274402
600,26606,3.103789074114447
600,26612,2.9503385117050263
600,26622,3.095523768832097
600,26629,3.0754781910798603
600,26630,3.148426922821667
600,26631,3.462308772601208
600,26645,3.0835610246588048
600,26649,3.0706124628686906
600,26676,2.905128037805453
600,26681,2.9286674257326792
600,26686,3.0028759006211194
600,26693,3.084061797739503
600,26694,3.0180197052652495
600,26695,2.927480131833625
600,26696,2.7579996170018495
600,26700,2.9693250950863264
600,26701,2.9578398324660853
600,26704,2.884823536776318
600,26713,3.0172295426558544
600,26717,3.0790275629449098
600,26726,2.9150044911895243
600,26729,3.9576412683795246
600,26732,3.084278949136646
600,26736,2.805963988372425
600,26741,3.1593246875618806
600,26743,3.0879381279085427
600,26745,2.9409545601979596
600,26750,2.968707737880662
600,26761,2.9731828355906993
600,26764,2.8662933094509224
600,26765,3.0082140694775767
600,26776,3.1782179094536884
600,26777,3.0144206374623206
600,26778,2.907760932110964
600,26782,2.865103101263642
600,26791,2.8708463982195047
600,26792,2.938502127989494
600,26796,3.0172295426558544
600,26797,3.9576412683795246
600,26810,2.9086850044253443
600,26812,2.8580763645189267
600,26819,2.7245766438790704
600,26828,2.9056136012062357
600,26838,3.0535069078967476
600,26840,3.003519759230579
600,26849,3.120526769140582
600,26854,2.883661449095324
600,26861,2.9147141270861447
600,26865,2.9417983303956547
600,26870,2.8823567589820405
600,26871,2.904731412720018
600,26875,2.879761471615377
600,26887,3.0591541987228905
600,26900,3.0521298062141087
600,26901,2.8423908440655086
600,26903,3.0681280874159134
600,26913,2.992536701207192
600,26928,3.0464953448675884
600,26940,2.8799366369554487
600,26947,2.8411254875202525
600,26958,3.0226366071500563
600,26965,2.868223171374822
600,26974,2.8696612557536723
600,26985,2.7817558997722704
600,26999,3.0030437605367304
600,27002,2.9765478589264194
600,27003,2.7609252634445927
600,27006,2.973201822770673
600,27008,2.897171440338487
600,27022,2.773968679413894
600,27032,2.9840577318727886
600,27036,3.0807535837136317
600,27074,2.756504716592542
600,27075,2.992585467316193
600,27105,3.054313305045203
600,27124,2.930822237160364
600,27134,3.1232051849123152
600,27140,2.7739524085746186
600,27155,3.130036157070057
600,27156,3.087990663178891
600,27176,3.414318551977624
600,27178,3.0651518460007883
600,27186,3.2872395339257765
600,27193,2.9868954015453464
600,27246,2.9367342780071835
600,27251,3.1921690055712735
600,27255,3.0144206374623206
600,27266,3.0869647540824454
600,27306,2.9943696002460825
600,27311,2.905853831266327
600,27317,2.984160677914792
600,27320,3.096469628204213
600,27328,3.042276067247754
600,27329,2.942501737816361
600,27368,3.190227293400095
600,27369,3.1369559140052137
600,27370,3.053953391320273
600,27373,2.9320272773439164
600,27397,2.958074983507791
600,27408,2.936456372829428
600,27416,3.0324389221355053
600,27420,2.9971886294043038
600,27426,2.96062177946413
600,27434,2.8736850297500083
600,27441,2.9067048508198265
600,27450,3.0192428550447143
600,27473,3.013559597497931
600,27478,3.0282005724609857
600,27480,2.805963988372425
600,27482,2.8835504905198133
600,27491,2.913626345055331
600,27513,3.0144206374623206
600,27523,3.0651518460007883
600,27537,3.107443946754265
600,27539,3.0651518460007883
600,27549,2.9993326232361124
600,27555,3.0835610246588048
600,27584,2.9863870327967725
600,27592,3.0035821014544015
600,27595,3.0079155767491668
600,27604,2.913626345055331
600,27618,2.9031463526887693
600,27619,3.065150140877997
600,27627,3.019442755785889
600,27644,3.0464953448675884
600,27660,2.960532445325438
600,27664,2.946203452711083
600,27667,3.0694026472253597
600,27674,2.979322292610666
600,27683,2.9263818152733583
600,27685,2.931677664121918
600,27689,2.805963988372425
600,27692,2.9835874714173216
600,27695,3.005533612453232
600,27704,2.9100108006197583
600,27705,2.8728500310515726
600,27706,3.0605702711478995
600,27708,3.0058128931048427
600,27716,3.0398947809502808
600,27721,3.017552773032385
600,27722,3.0172295426558544
600,27728,2.9529860347935992
600,27741,3.0172295426558544
600,27744,3.0172295426558544
600,27746,2.884347589919297
600,27751,2.9724882091622566
600,27762,2.9896460235731643
600,27768,3.0144206374623206
600,27769,2.9460330275883537
600,27772,3.0694026472253597
600,27773,2.851181258831845
600,27776,3.0144206374623206
600,27778,3.1714999436449705
600,27784,3.067854395437947
600,27788,2.8911503341356917
600,27790,3.0978190481649435
600,27793,2.8192023079055177
600,27801,2.76995704141397
600,27802,2.9118130107700058
600,27803,3.0144206374623206
600,27808,2.970194433214503
600,27815,3.0144206374623206
600,27816,2.933272311930351
600,27820,3.1107525910539375
600,27821,2.8872883526354713
600,27822,2.9235585831336994
600,27826,3.029849977487973
600,27829,2.953525896845895
600,27830,3.0144206374623206
600,27831,2.9624453567392712
600,27834,3.0144206374623206
600,27837,2.8675917313357973
600,27838,2.924851514222365
600,27839,2.8990922638932237
600,27846,3.1510717660970884
600,27850,3.9576412683795246
600,27865,2.9590874670509835
600,27866,2.9632018786521845
600,27869,2.9426821793282265
600,27873,3.0949159723709925
600,27878,3.101502259201082
600,27882,2.9546549563358675
600,27899,3.0966514769102282
600,27904,2.968933275958929
600,27905,3.018016358129584
600,27912,3.9576412683795246
600,30707,3.0144206374623206
600,30745,3.0464850718001153
600,30803,3.0172295426558544
600,30816,2.971879868870445
600,30818,2.936812787588643
600,30820,2.9163116501305573
600,30822,2.9680018002205872
600,30846,2.890292449047736
600,30848,2.9238024358870933
600,30850,2.9832526836526183
600,30883,3.0305612789856626
600,30890,3.0144206374623206
600,30892,3.0728131538097156
600,30898,2.9895192410122027
600,30994,3.0682034751761287
600,31000,3.1040675096580954
600,31030,3.058386778607342
600,31038,3.0807255067019197
600,31049,3.078169417246189
600,31083,2.928262435572807
600,31086,3.0035821014544015
600,31101,2.9045878065738076
600,31114,2.990941524753803
600,31116,3.063296008092179
600,31123,3.0645732224277316
600,31150,3.2779580182588868
600,31162,3.0311988282502202
600,31184,3.1458934880285008
600,31193,3.1682849943527556
600,31221,2.925000942058548
600,31223,2.9464547649034225
600,31225,2.8906558882082507
600,31260,3.0001360857683457
600,31297,3.0902271151702747
600,31309,3.0035821014544015
600,31364,2.9581090879420078
600,31367,2.9032705253911204
600,31410,3.0100467818006167
600,31420,2.848037215255348
600,31422,3.0764933419224576
600,31424,2.7872064744991136
600,31427,2.8469406707731855
600,31431,2.9107557836034137
600,31433,2.9820673175746855
600,31435,3.0144206374623206
600,31437,3.0144206374623206
600,31445,2.989872139166016
600,31522,3.0144206374623206
600,31545,2.9512983800480637
600,31553,2.8274332291362705
600,31590,2.9503385117050263
600,31610,3.0144206374623206
600,31617,3.009616156616007
600,31660,2.987346878901127
600,31664,3.0082140694775767
600,31685,2.9626066940154185
600,31692,2.9993837929904057
600,31694,3.0839183209197025
600,31696,2.9225045907770726
600,31698,3.034598674522246
600,31700,2.9801309224278647
600,31702,3.0100467818006167
600,31737,2.8961581283253968
600,31804,3.018632664417271
600,31851,3.1252001658745305
600,31867,2.908274382800562
600,31878,3.003472581524662
600,31903,3.0172295426558544
600,31909,2.9106760308817745
600,31921,3.0379658248698553
600,31923,3.035697662027951
600,31925,3.1161760182828018
600,31952,3.044624468747394
600,31973,3.0100467818006167
600,32009,3.0464953448675884
600,32011,2.815341582368419
600,32017,2.8836204952127353
600,32019,2.9579011449205157
600,32022,2.959005518993217
600,32029,2.8354074927227577
600,32031,3.0890300614823274
600,32058,2.852800642268313
600,32060,3.1025129326405807
600,32116,3.0835610246588048
600,32139,3.016392575953629
600,32160,3.0835610246588048
600,32179,2.9503385117050263
600,32213,2.9114414126803325
600,32234,3.0144206374623206
600,32243,2.9973817440592616
600,32289,2.97812964580107
600,32294,3.0708135475994225
600,32298,2.936718091241158
600,32300,2.910996731601538
600,32302,3.9576412683795246
600,32314,3.115281052392477
600,32371,3.000318762411357
600,32387,2.9417983303956547
600,32392,3.0529296373443557
600,32440,2.8769252639002514
600,32442,2.877369173749738
600,32460,3.0031868021401094
600,32469,3.031057174663908
600,32511,2.9683054879967017
600,32515,3.12548287170732
600,32554,3.153463664738941
600,32582,3.0644875673033494
600,32584,2.906851746584408
600,32589,2.946686389633211
600,32596,2.9604558609290517
600,32598,2.9414120018989687
600,32600,2.976296782097269
600,32620,3.0839183209197025
600,32632,2.9420827024034786
600,32649,3.0100467818006167
600,32657,3.0879381279085427
600,32659,3.068414115525596
600,32666,3.0835610246588048
600,32728,2.9717207833701256
600,32743,2.9657957147725225
600,32770,3.0144206374623206
600,32799,3.0172295426558544
600,32862,3.058461178617507
600,32875,3.0835610246588048
600,32892,3.0100467818006167
600,32898,3.1049789794729175
600,32906,3.0100467818006167
600,32914,2.892560044471053
600,32917,3.1593246875618806
600,33004,2.9929387164401153
600,33085,2.8129810699257507
600,33090,3.0576163859739984
600,33124,3.0100467818006167
600,33126,3.0856777115349296
600,33132,2.9097908778160697
600,33138,3.0258451504149995
600,33145,3.0464953448675884
600,33148,2.947171846568965
600,33154,2.9485436864688643
600,33158,2.805963988372425
600,33162,2.9064520217456664
600,33164,2.7967969669630683
600,33166,2.965517705095749
600,33171,2.9388431341285046
600,33188,3.0984478028243214
600,33201,2.975592317120614
600,33237,3.0280610072724348
600,33294,3.400348473788372
600,33310,3.0172295426558544
600,33312,3.119867984577491
600,33421,2.9439095901956818
600,33435,2.9869010049457057
600,33437,2.9118130107700058
600,33495,2.9380563601253984
600,33499,2.9610373489984148
600,33558,3.012457281673278
600,33564,3.0835610246588048
600,33615,3.0520154284983234
600,33629,2.9301774608914712
600,33639,2.979594743527432
600,33644,2.8054846779338884
600,33646,2.963047656297171
600,33649,3.0071843211569136
600,33660,2.9084821630217803
600,33669,2.986571765692663
600,33672,2.948466767185911
600,33677,2.960280783849508
600,33681,3.13565790209613
600,33683,2.884347589919297
600,33725,3.0376199979982297
600,33779,3.0835610246588048
600,33781,3.0085047818303465
600,33801,3.1049789794729175
600,33815,2.9700074561750536
600,33826,3.0137115563757972
600,33830,2.9734786706124767
600,33834,2.8005173931016523
600,33836,3.0276851346255773
600,33838,2.9532186305674735
600,33880,2.9961364817189056
600,33893,3.0038693406851453
600,33896,3.0694026472253597
600,33903,3.0398947809502808
600,33966,3.0835610246588048
600,34018,3.1060049167727697
600,34048,2.86052964325398
600,34129,2.9309117063693715
600,34143,2.891021100161855
600,34148,3.0144206374623206
600,34150,2.865541125573352
600,34153,2.997277520884504
600,34162,2.9474158521461162
600,34164,3.0029955253665896
600,34271,2.961408936567325
600,34292,2.8223692448564215
600,34312,3.032610120959665
600,34319,2.7993873364638793
600,34321,2.9593291977385006
600,34323,2.867990977046835
600,34326,2.9425064284120874
600,34330,2.9591148293305447
600,34332,2.940583440838741
600,34334,2.845000992595742
600,34336,2.9449423757123823
600,34338,3.0257697564202584
600,34359,3.0784832683559524
600,34397,2.914594682625272
600,34405,2.89301680867241
600,34437,2.983868643733478
600,34450,3.003519759230579
600,34482,2.99631261242215
600,34520,2.9469383518433827
600,34523,2.9841376511135396
600,34528,3.0018722259975523
600,34530,2.9202692606508065
600,34532,2.9135341358222755
600,34534,2.8681819456677373
600,34536,2.8666993861119705
600,34540,2.9931742450386096
600,34542,2.972505756721352
600,34800,3.12869431701482
600,34811,2.9118130107700058
600,35015,2.9418008723142557
600,35347,3.121647074283006
600,35807,3.0534942444322497
600,35957,2.884347589919297
600,36276,2.959391858121558
600,36289,3.17065192186455
600,36363,3.032157308063092
600,36397,3.1064655225675626
600,36477,3.005692383543369
600,36509,2.8607429229163173
600,36517,2.964579861322839
600,36519,2.8008454392796
600,36525,3.1593246875618806
600,36527,2.911708149590622
600,36529,2.9136564286078324
600,36533,2.9724882091622566
600,36535,2.988792596511245
600,36537,2.9988679038040993
600,36708,3.138652293793522
600,36850,2.959502853384306
600,36931,2.9425967430878615
600,37211,3.1358703903243734
600,37240,3.012763152264503
600,37380,2.842132783391546
600,37382,2.894890178994376
600,37384,2.9884572693547495
600,37386,2.8135059226277965
600,37444,3.06541467266266
600,37475,2.8978357184732553
600,37477,2.9118786114680817
600,37495,3.1061277044184483
600,37545,3.0176451758670475
600,37720,2.895491611212177
600,37727,2.8484920298058896
600,37731,3.0035821014544015
600,37733,2.868177548809212
600,37736,2.961920082965784
600,37739,2.919644573046509
600,37741,2.949764331368948
600,37830,3.1366615554475197
600,37844,2.9833923975503596
600,37853,2.848804748260467
600,38038,3.1252634001960966
600,38061,2.924229591627794
600,38095,2.9425967430878615
600,38159,3.0172295426558544
600,38164,3.0172295426558544
600,38198,3.5477512389540267
600,38294,3.0594990001520017
600,38304,3.9576412683795246
600,38388,3.0144206374623206
600,38583,2.9562367863102588
600,38798,2.9593509678002277
600,38992,2.900513745777773
600,39183,3.0099295581610783
600,39231,2.998898838999115
600,39234,2.8937332383270005
600,39292,3.0035821014544015
600,39307,3.0237619732078374
600,39381,2.986427118152862
600,39400,2.8024876863883494
600,39414,2.9656405340915644
600,39427,2.7881362781166783
600,39446,2.793097299614904
600,39449,2.9788283625340446
600,39516,3.0144206374623206
600,39715,3.0835610246588048
600,39801,3.1793413177176766
600,39869,2.9551593286767575
600,40148,2.928965817493913
600,40278,2.870666224780091
600,40339,3.0091337691596616
600,40412,2.908375486751776
600,40414,3.0100467818006167
600,40478,2.9365964907033364
600,40491,3.0521298062141087
600,40578,2.9417983303956547
600,40581,2.9619794045916903
600,40583,2.858240398190734
600,40597,3.0521298062141087
600,40614,2.8749576031722928
600,40617,2.864141642452933
600,40697,2.896349099952968
600,40723,2.849765934321134
600,40732,2.974665581710436
600,40819,2.9778656669118546
600,40826,2.959063168944286
600,40851,3.13565790209613
600,40870,2.9871594372253036
600,40946,2.99726115580448
600,40955,3.0175028649435593
600,40959,2.959502853384306
600,40962,3.0651518460007883
600,40966,2.9920743592087526
600,41014,2.9210856784836303
600,41527,2.9394257265641244
600,41569,3.02853634581242
600,41571,2.9469142509567474
600,41573,2.9923023793984216
600,41617,2.9514151173078393
600,41627,2.9417983303956547
600,41712,2.977877980789963
600,41716,2.9549415098370626
600,41724,2.9622394883092906
600,41769,2.9906607807272603
600,41828,3.0753924374922166
600,41863,2.9839275182200335
600,41997,2.869486662572542
600,42002,2.9749586484871475
600,42004,3.0065740475159406
600,42007,3.0464953448675884
600,42009,2.938730437384636
600,42011,2.9073742018971465
600,42013,2.9999067421030383
600,42015,2.969702051355428
600,42018,3.0521298062141087
600,42176,2.950635431899275
600,42191,3.252697557205522
600,42285,2.771609244855782
600,42418,2.9778478219141373
600,42422,3.040891625582489
600,42556,3.3303430332107036
600,42559,2.9932046246026505
600,42602,2.959811703406751
600,42632,2.9581090879420078
600,42638,3.002749795043695
600,42718,2.8432747832801586
600,42723,2.8271032262819507
600,42725,2.967192131375081
600,42728,2.9429154470899093
600,42730,2.861660950029613
600,42732,2.979394019718508
600,42734,3.04719627642562
600,42738,2.9627412524747494
600,42740,2.9785209110068562
600,42761,3.021903560998537
600,42943,3.0457329888167277
600,42946,3.003472581524662
600,43289,3.1327503439606303
600,43333,2.9973440834637732
600,43376,3.0100467818006167
600,43396,2.930494608802832
600,43419,2.936575198683042
600,43460,3.0521298062141087
600,43549,2.912407055981403
600,43556,2.8823755911265665
600,43558,2.913129450425719
600,43560,3.112516086673242
600,43677,2.87244396717565
600,43679,2.834542618361168
600,43684,3.006662095552759
600,43708,3.159256598940997
600,43744,3.0226378929710735
600,43836,2.9596452124503236
600,43869,3.067234914712816
600,43871,2.861577446967016
600,43904,2.796949579525194
600,43908,3.0144206374623206
600,43912,2.895764176077498
600,43914,2.9232579501190785
600,43917,2.9996516559823627
600,43919,3.0651518460007883
600,43921,2.7588803199683554
600,43928,2.923179458084476
600,43930,2.9763227297457973
600,43932,2.9659102120152117
600,43936,2.7965708505034543
600,44004,3.0651518460007883
600,44020,2.982903759543807
600,44022,3.1252634001960966
600,44189,2.928836283164028
600,44193,2.9599855539264106
600,44195,2.982648996826225
600,44197,2.985141673198358
600,44199,2.9503385117050263
600,44204,2.954355013929286
600,44225,3.0521387726047986
600,44238,2.994104642079327
600,44241,2.985185000166798
600,44243,2.976911377486706
600,44301,3.0035821014544015
600,44397,2.899100427604748
600,44399,3.063482428508866
600,44511,2.9992554190598972
600,44555,2.9701915164113433
600,44597,2.8591867094707935
600,44613,2.92841882598063
600,44633,2.986919004685785
600,44657,3.0175949020644155
600,44665,2.9106079709788784
600,44694,3.047728479641001
600,44709,2.9061949237261153
600,44719,3.0144206374623206
600,44731,2.8287559298733735
600,44759,2.9035821348648874
600,44761,2.934188717492619
600,44773,2.9777462012316294
600,44777,3.0136217603400186
600,44788,2.9663208287663547
600,44828,3.0469399523686866
600,44840,2.962573992756901
600,44849,2.9052297416230823
600,44851,3.0835610246588048
600,44864,2.9884162211093446
600,44889,3.016959850519005
600,44929,2.982309797813772
600,44931,3.0144206374623206
600,44937,3.0035821014544015
600,44943,2.9797980832433173
600,44972,2.934784087463474
600,44974,2.9096698733555613
600,45062,2.848545419056863
600,45074,3.130931437040571
600,45106,2.9994637498046646
600,45175,2.9998134310730844
600,45183,2.959502853384306
600,45208,2.980457026247862
600,45210,3.0035821014544015
600,45221,2.938035227152427
600,45361,2.9271490067577313
600,45382,2.9624970789987004
600,45431,3.0572327540539748
600,45442,2.8994121822823855
600,45447,2.8819838247522527
600,45499,2.8200418567092367
600,45501,2.9815929652957323
600,45503,2.8923339052928667
600,45517,3.0266659516979852
600,45635,2.9508533429272696
600,45648,2.9895941836666355
600,45658,2.9653551197738044
600,45662,2.842517120778153
600,45666,2.956230821978761
600,45668,3.018521579493119
600,45672,3.0540462221750615
600,45720,2.9744014999240833
600,45726,3.0835610246588048
600,45728,2.9327911496245154
600,45730,3.1634042708576566
600,45732,3.027395142917414
600,45880,2.9534484843089026
600,45928,3.9576412683795246
600,45950,2.9819185102943195
600,45969,2.9344101593396843
600,46062,3.0054016249277784
600,46105,3.0357556905831147
600,46231,2.970323952478651
600,46322,2.9417983303956547
600,46335,2.9118130107700058
600,46337,3.0036601357501906
600,46347,3.0898244347112858
600,46367,2.7575917562820678
600,46530,2.8729998068499034
600,46559,3.0100467818006167
600,46572,2.8838493482085656
600,46574,3.0835610246588048
600,46772,2.9838151344229167
600,46850,2.973698601051441
600,46855,2.9100108006197583
600,46862,3.0144206374623206
600,46865,2.917121218624033
600,46948,3.1452558302336633
600,46965,2.9146428423540307
600,46970,2.957317614821199
600,46972,3.0394016165576896
600,46974,2.9072029480070714
600,47044,2.8761161727199696
600,47099,2.9122314963639155
600,47122,2.95334435190564
600,47124,3.115229725079869
600,47200,2.781778550551603
600,47202,2.9641625324067555
600,47254,2.9118130107700058
600,47261,2.982507406826613
600,47382,2.934185580226264
600,47384,3.040977025552694
600,47404,3.148259479250278
600,47423,2.945487364143943
600,47446,2.959391858121558
600,47465,3.062823503502255
600,47491,3.0521298062141087
600,47516,3.0070321043589727
600,47518,2.9580978581122714
600,47538,3.028077732009814
600,47566,3.0092841145629783
600,47610,3.0580864535737344
600,47629,2.9873623525612736
600,47640,2.9514866024638793
600,47644,2.8900114751495356
600,47646,2.9582034803072785
600,47721,3.332262414681324
600,47725,3.0958592176034
600,47736,3.0829244392297506
600,47774,3.2040657385125173
600,47793,2.9529840085660775
600,47810,2.835224063714856
600,47894,3.0110684210108416
600,47937,3.0162638568036835
600,47950,2.9146232895972837
600,47952,2.8024157998164623
600,47970,2.989781445081043
600,47978,3.0144206374623206
600,47997,2.9637918822443035
600,47999,2.9822353699193465
600,48001,3.0172295426558544
600,48032,3.0438544306171087
600,48043,3.04536595839936
600,48045,3.0835610246588048
600,48142,2.9581090879420078
600,48150,2.858993909751976
600,48161,2.904230350648219
600,48214,3.0144206374623206
600,48262,3.9576412683795246
600,48304,2.9250718282064585
600,48319,2.991667103245727
600,48322,3.026545671138986
600,48326,2.9057287211249103
600,48342,2.9986460670411454
600,48412,2.9039213072712293
600,48414,3.0642641412942475
600,48416,2.9354357953768724
600,48516,2.915929252238643
600,48518,2.835195912448466
600,48520,2.97839163241627
600,48560,3.0521298062141087
600,48593,2.9379408585454296
600,48596,2.8624052367355506
600,48598,2.9221965520162643
600,48638,3.0172295426558544
600,48649,3.0100467818006167
600,48678,2.9099659057385128
600,48696,2.9724679259851112
600,48698,2.9794395689723325
600,48738,2.990291899091326
600,48741,2.975487929226134
600,48744,3.001452144184879
600,48780,2.9126369299980874
600,48872,2.814341888275161
600,48877,2.843031702339745
600,48879,2.904673803340443
600,48883,2.933869772919291
600,48982,3.1017451925156343
600,48997,2.9252772781866825
600,49013,3.0206846631080713
600,49110,2.8894486695810175
600,49130,3.0007138125357056
600,49132,3.9576412683795246
600,49220,3.026257155231176
600,49263,3.030538630632893
600,49265,3.10011039545016
600,49272,2.897460661268048
600,49274,3.040554882442367
600,49276,2.9682976945163864
600,49278,2.80439373341895
600,49280,2.9005998117968663
600,49284,2.993715356085197
600,49286,2.9712831972174754
600,49314,2.8876206230997687
600,49347,2.9473872742566196
600,49389,3.1853568151884297
600,49396,3.0466424746313363
600,49524,2.9386661351226646
600,49647,3.048389037915035
600,49649,3.0337223516003555
600,49651,2.8570729563014496
600,49666,3.13100151729151
600,49688,2.952889559435674
600,49735,2.972519994875865
600,49772,2.965746310393541
600,49793,2.8953258604354053
600,49822,2.8865581961461584
600,49824,3.001819295703258
600,49910,2.9115753800788697
600,49917,3.9576412683795246
600,49932,2.946684587113229
600,49957,3.0434185926693416
600,49961,3.038506159812374
600,50003,2.9683054879967017
600,50005,2.9417983303956547
600,50064,2.9056417722798322
600,50068,2.866305416246613
600,50147,2.8137516479821234
600,50158,2.955683028675504
600,50160,2.9310587519577838
600,50189,3.0651518460007883
600,50274,3.0080025884333597
600,50354,3.0823440594192824
600,50356,3.0835610246588048
600,50440,2.780003602755162
600,50442,2.9248446033722866
600,50445,2.7965853005548644
600,50514,3.0144206374623206
600,50601,3.074151626515215
600,50610,3.0835610246588048
600,50613,3.0694026472253597
600,50685,3.0030461757968934
600,50792,2.9827001507725948
600,50794,2.87625399784484
600,50796,3.125052223236174
600,50798,2.995385253222384
600,50800,2.9059633024141105
600,50802,2.9896390037394247
600,50804,2.931148533666706
600,50806,2.957883401174119
600,50842,3.0521298062141087
600,50851,2.9717722512644404
600,50872,3.0411167531990464
600,50912,3.0226366071500563
600,50923,2.9084025200878116
600,50942,3.0835610246588048
600,50954,2.9815890880239997
600,50999,3.1299052066491173
600,51024,3.1475959891003527
600,51037,2.925136503430593
600,51077,2.907415357649845
600,51080,2.8605961303125116
600,51082,3.0651518460007883
600,51084,2.9479651117437857
600,51086,2.91681738941803
600,51088,2.9759995183836123
600,51091,2.9362288997904935
600,51167,3.0144206374623206
600,51174,2.88916205312608
600,51255,3.0015140838824235
600,51314,3.047177973674226
600,51357,2.8759469627149628
600,51412,2.7708540377386393
600,51471,2.9884725848670457
600,51498,2.973400210532081
600,51540,2.8899320423897508
600,51545,2.9845343023055544
600,51562,2.7449734991359063
600,51573,3.556096577416349
600,51575,2.9814321235053054
600,51662,2.988347444610045
600,51666,2.905412537921524
600,51694,2.9916728592005297
600,51698,2.939643081161519
600,51705,3.0651518460007883
600,51709,3.0037522307535416
600,51834,2.980603826759679
600,51884,2.9510290173787297
600,51903,2.993264746028441
600,51925,2.993150469699087
600,51927,2.843471089962723
600,51931,3.0144206374623206
600,51933,2.904640244402312
600,51935,2.864005854684904
600,51937,2.884347589919297
600,51939,3.1362665485263275
600,52042,2.9510145520626914
600,52241,2.8716135114646018
600,52245,2.987560271059063
600,52279,3.0835610246588048
600,52281,2.8232264316550704
600,52283,2.7884371517894007
600,52287,3.0060727703469268
600,52299,3.0957082629360486
600,52319,2.991667103245727
600,52328,2.952496753734857
600,52375,2.9189388837571353
600,52458,2.906607269058736
600,52462,3.074128760866249
600,52579,3.0516234620752
600,52604,2.905590623505337
600,52644,2.8597318144098804
600,52668,2.9745851508756433
600,52694,3.0262328337770694
600,52712,2.9685931960461387
600,52715,3.0835610246588048
600,52722,2.8603450686082086
600,52724,2.973562699047734
600,52730,2.9770686454760256
600,52784,3.1231477117065936
600,52831,2.937145422546794
600,52867,3.0651518460007883
600,52885,3.103574856368665
600,52950,3.043823381246891
600,52952,2.9619080358776553
600,52967,2.9648573456856337
600,52973,2.972892919696029
600,52975,3.005759191781113
600,53000,2.85516441603696
600,53022,3.003097225473531
600,53121,3.13804495914292
600,53123,3.0034870519702
600,53127,2.9657957147725225
600,53129,2.8866038669894296
600,53138,3.142811061066376
600,53140,3.0913913017704755
600,53143,2.762784092196959
600,53161,3.0305245051930902
600,53280,2.8191739174829875
600,53318,3.032586726702705
600,53326,3.0694026472253597
600,53355,3.0651518460007883
600,53435,2.826330583188559
600,53447,2.905632507991647
600,53450,3.1990735126510437
600,53453,3.1049789794729175
600,53460,3.048852294326257
600,53464,2.855735615780877
600,53466,2.8717736081333562
600,53468,2.9828062560008513
600,53519,2.885951543331332
600,53550,2.926602937930363
600,53574,2.985819158593439
600,53578,3.0835610246588048
600,53808,2.956713376245882
600,53883,3.9576412683795246
600,53894,3.025756388030425
600,53921,2.8811974041504924
600,53956,3.0348724046900153
600,53972,2.8329309980315136
600,53974,2.9445773904908563
600,53993,2.979085623452674
600,53996,2.7931408733942718
600,54001,3.106339427323026
600,54004,3.0651518460007883
600,54116,2.8987381871193443
600,54121,3.018277858019377
600,54185,3.6809748554900525
600,54190,3.142832397358083
600,54256,2.963376113474317
600,54259,3.1345118227161355
600,54272,3.0400720903144958
600,54274,2.8814032169961163
600,54276,2.9667968258999045
600,54281,2.972331592766631
600,54354,3.9576412683795246
600,54372,2.9581090879420078
600,54503,2.9335429350673694
600,54617,3.0835610246588048
600,54648,2.8872441921801704
600,54686,3.07777162127951
600,54732,2.9402040186199576
600,54734,2.9581275740240582
600,54736,2.8613306889224814
600,54745,2.9976409675729996
600,54768,2.9449594942105115
600,54771,2.843642349743529
600,54780,2.9796459369294785
600,54785,2.779502561602219
600,54787,2.8740309552989705
600,54796,3.0024630493054882
600,54881,3.9576412683795246
600,54908,2.993271571694338
600,54910,2.9684811054955524
600,54934,2.9668480687956653
600,54962,2.927825568921477
600,54995,2.843814462275813
600,54997,2.891664381741601
600,54999,2.922824558217854
600,55020,2.97367528366557
600,55036,2.8512355748444325
600,55061,2.985075095428478
600,55067,2.936833092446395
600,55069,3.0144206374623206
600,55071,2.9601457236077073
600,55080,2.8647694369711365
600,55094,2.9049255540047643
600,55110,2.940328538780634
600,55112,2.9838440205060586
600,55116,2.944766819791461
600,55118,2.952195585138969
600,55156,2.9705036653133314
600,55167,3.1701051891449983
600,55190,3.0305557074904512
600,55205,2.915650268175302
600,55207,3.03443629890126
600,55232,2.8020494566324334
600,55241,2.969599437972933
600,55245,2.9835930005167106
600,55250,2.930417910027466
600,55253,2.9696582242767384
600,55259,3.094235193373467
600,55261,2.975372963140618
600,55267,2.9679232896872434
600,55269,3.0363767089993945
600,55272,2.9148277879642754
600,55274,2.9647134346277118
600,55276,2.8753879531090365
600,55278,2.938320400223285
600,55280,2.983885940467999
600,55282,2.800647152809336
600,55290,2.915135665493304
600,55292,2.9659696639118702
600,55294,2.9899672233870684
600,55363,2.902622147320594
600,55391,2.901957001543713
600,55442,2.9857815668085443
600,55444,3.00216754135294
600,55451,2.987088768722543
600,55492,2.8391605312173205
600,55553,3.0815047057742957
600,55555,3.0144206374623206
600,55577,2.8245125527144768
600,55620,3.9576412683795246
600,55687,3.0058042605294863
600,55721,2.9118130107700058
600,55729,2.963941083655218
600,55765,2.8737047314773987
600,55768,3.1369559140052137
600,55805,2.897354548058548
600,55814,3.0144206374623206
600,55820,2.9527283084973948
600,55844,2.9912524203196083
600,55854,3.0350669709645093
600,55872,2.92853114515497
600,55908,2.9348201012844783
600,55946,2.9510145520626914
600,55995,3.1312819435140895
600,56003,2.945640829359559
600,56012,3.142894887258349
600,56022,2.883197817164637
600,56060,3.0438544306171087
600,56145,2.796724482394205
600,56152,3.0988550273980597
600,56156,2.7617748958708543
600,56169,2.8920482936226515
600,56171,3.1510287506130132
600,56174,2.791038886668733
600,56176,2.9852674954730487
600,56251,3.0357478867158343
600,56274,2.94292295358906
600,56286,2.949845838792572
600,56333,2.9961687763723996
600,56336,2.800112119522479
600,56339,2.9724882091622566
600,56367,3.026399992765196
600,56379,3.9576412683795246
600,56389,2.9317305562224045
600,56563,3.041711098488294
600,56587,2.9489809225278334
600,56607,2.9097275251225616
600,56620,2.8893446005203733
600,56715,3.0406908938257065
600,56757,2.9639868850262223
600,56782,2.9744398842541626
600,56788,2.941086444208622
600,56801,2.871847375947445
600,56805,2.9780826577005572
600,56837,3.0040338969355593
600,56869,3.0835610246588048
600,56908,2.9920598895468324
600,56915,3.0683180831868424
600,56921,2.8801228473663514
600,56941,2.9717360248758538
600,56949,2.95458420139057
600,57147,2.965350418656152
600,57183,3.0144206374623206
600,57243,3.0521298062141087
600,57274,2.9657957147725225
600,57326,3.1586315587515963
600,57368,2.828457650836388
600,57421,2.9944831945491153
600,57499,2.991667103245727
600,57502,3.099981977021405
600,57504,3.0567797807818256
600,57522,2.9502431550530264
600,57526,2.818383930201362
600,57528,2.9100108006197583
600,57532,2.9796131908456176
600,57536,2.985386934521046
600,57637,2.8699453815281397
600,57640,2.9811391638222897
600,57669,3.0112784365342757
600,57772,2.912771385360762
600,57843,2.9425967430878615
600,57910,3.0005041024823784
600,57951,2.9777508500175887
600,58025,2.883058070470759
600,58047,3.0464953448675884
600,58078,2.922659563804729
600,58103,2.8413482091722475
600,58105,3.0773269661176004
600,58107,3.0426195711597814
600,58154,2.9455144346513698
600,58156,2.970149550000415
600,58162,2.993667062852773
600,58191,2.9598205336470933
600,58287,2.917647144799483
600,58291,2.937303763734633
600,58293,2.997344622837413
600,58295,2.8520867031415387
600,58297,2.8928372492579766
600,58299,3.0811600843665428
600,58301,2.950635431899275
600,58303,3.0005816932309104
600,58306,2.95882730074005
600,58309,3.9576412683795246
600,58315,2.9584513771509093
600,58332,2.904017932916375
600,58347,3.0881969998875367
600,58351,3.0144206374623206
600,58376,3.5355525531629484
600,58404,3.101189803690632
600,58425,3.7576849166601165
600,58492,2.926279797009747
600,58554,3.0144206374623206
600,58627,2.7911560908776054
600,58655,2.963818481270395
600,58783,2.9248813847771884
600,58803,2.8896713555573257
600,58806,2.9969106835734585
600,58826,2.7920200932192354
600,58839,2.9829884741906323
600,58842,2.9426821793282265
600,58870,3.0751801224812265
600,58876,2.9317075513774755
600,58879,3.038916155635454
600,58964,2.884347589919297
600,58972,3.0851300405680346
600,58975,2.8209572314786056
600,58998,2.976406634819996
600,59014,2.914436741883693
600,59016,2.8893562038004577
600,59018,3.0172295426558544
600,59022,2.9648180402397477
600,59026,3.0835610246588048
600,59037,2.7817439167263474
600,59103,3.063136620887783
600,59118,3.0300757536984735
600,59126,3.0383453158902247
600,59129,2.884830750786543
600,59141,3.0252989181409005
600,59143,3.03369809402477
600,59220,2.9915866336538164
600,59258,2.96175999785717
600,59295,3.9576412683795246
600,59306,2.8102518109979493
600,59315,2.8867607945495313
600,59333,3.0651518460007883
600,59336,2.895189428133592
600,59369,2.869934235173914
600,59387,3.095758864896855
600,59421,3.0651518460007883
600,59429,3.0835610246588048
600,59440,2.9438801395245644
600,59501,3.1373899867045636
600,59549,2.949747985783559
600,59604,2.9221209314869507
600,59615,2.957394269919782
600,59667,3.0447217492168437
600,59727,2.8465309481330485
600,59731,3.9576412683795246
600,59738,2.8632629680344728
600,59784,3.00303464221607
600,59810,2.9249915157852895
600,59814,3.0423411925589874
600,59900,2.95477599502242
600,59915,2.8319339908893766
600,59947,2.988706683030226
600,59985,2.992194285526192
600,59995,2.9981145306074475
600,60030,2.903303039550905
600,60037,2.8712770313076743
600,60040,2.825634872542647
600,60046,2.961772176166866
600,60069,3.083740583394462
600,60072,2.76995704141397
600,60074,3.0249362451129578
600,60126,2.9272146308849956
600,60128,3.0835610246588048
600,60141,3.0764933419224576
600,60161,2.995576999318962
600,60289,2.9829637951251895
600,60291,3.0255450765650593
600,60293,2.993653615519019
600,60303,2.913626345055331
600,60333,2.9584021057776604
600,60363,3.0815047057742957
600,60365,3.209969726991269
600,60389,2.8466905029048766
600,60397,3.0003729541094266
600,60408,3.0835610246588048
600,60471,2.8800887209864414
600,60487,3.1202494123132802
600,60514,2.9475216991774413
600,60516,3.057480920185827
600,60522,3.0624134941608823
600,60538,2.863314719594151
600,60647,2.9523126185426003
600,60674,2.8497786356888315
600,60684,2.874919753934961
600,60735,2.889527663329077
600,60737,2.9840003903230485
600,60753,2.9344622759628645
600,60756,2.987392188944085
600,60760,2.8784777367596845
600,60766,3.0519286849013474
600,60803,3.2236720915132095
600,60818,3.1662606406577263
600,60832,2.844825727111338
600,60857,2.9498105714902625
600,60885,2.950635431899275
600,60894,2.9917220161001574
600,60904,3.032157308063092
600,60937,2.9940746794319604
600,60941,2.8636098737616558
600,60943,2.974025344386878
600,60950,3.047291433673306
600,60979,2.9812571487034702
600,61011,2.948244386279164
600,61024,2.914903923655954
600,61026,2.991667103245727
600,61071,2.9952362795168392
600,61073,2.8690276402506494
600,61123,2.9942712665152835
600,61132,2.9845942996411168
600,61160,3.021779341888593
600,61167,3.0196651979515607
600,61210,2.872938598154275
600,61236,3.1513209145339327
600,61240,3.125052223236174
600,61246,3.0256324121920257
600,61248,2.860344945118554
600,61250,2.9536736884083292
600,61255,2.983623637861487
600,61257,3.9576412683795246
600,61262,2.8548923869529266
600,61289,2.7981063023328927
600,61319,3.0021866313282684
600,61323,2.9848905527609046
600,61348,2.9864661965882826
600,61350,2.8727298149151657
600,61352,2.881189176024435
600,61394,2.9850564050195536
600,61401,3.001672503639855
600,61406,3.0144206374623206
600,61465,2.753494592454387
600,61628,3.0144206374623206
600,61692,2.8332788061430345
600,61697,2.846678018972047
600,61705,2.8849174032596574
600,61729,3.061293214588592
600,61818,3.0694724198123033
600,61986,2.837355117991876
600,62008,3.0557015287289855
600,62081,2.767247164527899
600,62113,3.062266578340229
600,62155,3.0464953448675884
600,62208,3.0144206374623206
600,62250,3.0035821014544015
600,62293,2.9831690123738768
600,62299,2.8620255933734926
600,62336,3.1819746075881725
600,62344,2.964845579792083
600,62374,2.8287794094547136
600,62376,2.9597928930782436
600,62383,2.9475216991774413
600,62394,2.8605606082843007
600,62434,2.9876747115159734
600,62437,2.9036505274020965
600,62439,2.9739759107415105
600,62511,3.0521298062141087
600,62553,2.9221213146912026
600,62586,3.0855570506009227
600,62644,3.0144206374623206
600,62662,3.407154899082604
600,62718,3.0651518460007883
600,62792,2.904927361757482
600,62799,3.0144206374623206
600,62834,2.890367920292152
600,62836,2.890367920292152
600,62849,2.8151142097781783
600,62956,3.0874162020928457
600,62970,3.220221059528534
600,62999,3.0076617746070724
600,63033,2.9735998854488486
600,63062,2.9073215344620946
600,63072,2.9389533000870434
600,63082,3.028483485836357
600,63113,2.871756831751249
600,63131,2.9718627177084342
600,63179,2.9989284134072265
600,63222,2.8861092593604756
600,63239,2.982292250551833
600,63276,2.7509026621485306
600,63312,3.1746235694472222
600,63393,3.0063406159405837
600,63433,2.956470269296697
600,63436,2.825438260823191
600,63479,2.962548473504194
600,63515,2.9973962959305167
600,63540,2.983128035620744
600,63768,3.0035821014544015
600,63808,3.0144206374623206
600,63826,2.7968957990315073
600,63853,3.008591349069463
600,63859,3.017972526643642
600,63876,3.0144206374623206
600,63992,3.0139305755278176
600,64010,3.025593394807601
600,64030,2.921262353853739
600,64032,2.9461676970507003
600,64034,3.0100467818006167
600,64114,2.962632206838419
600,64116,3.0678291185768436
600,64167,3.339204953061115
600,64197,2.976385645395453
600,64231,2.8546500366158463
600,64249,3.19819741905936
600,64278,3.1194167082706885
600,64285,3.1369559140052137
600,64497,2.881518741715888
600,64499,3.0100467818006167
600,64501,3.0100467818006167
600,64575,2.9506855516780415
600,64614,2.8862522982873666
600,64620,2.8844932165868964
600,64622,2.954778786657048
600,64695,3.0607436188743113
600,64716,2.90391107922374
600,64957,3.0365779176574437
600,64969,3.0835610246588048
600,64983,2.901834990910313
600,64993,3.0681280874159134
600,64997,2.8189276061434523
600,65037,3.0144206374623206
600,65088,3.0190156751142614
600,65126,2.9939794788789738
600,65130,2.963307683992846
600,65133,3.0835610246588048
600,65135,3.0795728740410344
600,65188,2.9731224853011136
600,65193,3.0172295426558544
600,65216,2.8748128190584197
600,65225,3.9576412683795246
600,65230,2.9697339067891675
600,65261,3.2872395339257765
600,65350,2.9988239150491838
600,65359,3.1644955274989566
600,65514,2.9447876329862557
600,65577,3.157163166230745
600,65585,2.9556527941575528
600,65588,3.1217070688691773
600,65596,2.9118130107700058
600,65601,2.884347589919297
600,65631,2.8878800404497658
600,65642,2.833340186583675
600,65651,3.339204953061115
600,65682,2.9805677023337003
600,65685,3.162945747210021
600,65738,2.952665883296367
600,65740,2.9697113906665678
600,65802,2.922229466234057
600,65810,2.956941083604377
600,65882,2.918632325768176
600,65982,2.9475216991774413
600,66090,2.9210069907444214
600,66171,2.803760624475217
600,66198,2.848422780665646
600,66203,2.9772927162061666
600,66240,3.2040657385125173
600,66297,2.9914068312097446
600,66310,2.9657957147725225
600,66320,2.9583909086706703
600,66335,3.4689673511752908
600,66371,3.0144206374623206
600,66427,2.9873914194239424
600,66509,2.965822059241184
600,66511,3.0332075416315343
600,66544,3.0100467818006167
600,66665,3.002570959643625
600,66744,3.0144206374623206
600,66783,2.8660855514639234
600,66785,3.046637063251643
600,66798,2.967727549010146
600,66915,3.191013003470303
600,66934,3.007634615406735
600,66943,3.007625514884437
600,67087,3.0835610246588048
600,67168,3.0202362212684113
600,67186,2.839509344285432
600,67193,2.8369655547603636
600,67197,2.8653750114698417
600,67255,2.9581090879420078
600,67267,3.005644807148271
600,67295,3.0536903491634644
600,67361,2.804644316756954
600,67408,2.9899179413280574
600,67508,2.9118130107700058
600,67534,2.949136596017861
600,67618,2.9997847119269156
600,67665,3.169861873991029
600,67695,2.952248157575947
600,67734,3.000908614653053
600,67788,2.92717002791709
600,67799,3.0578255211731977
600,67888,3.0988859150438026
600,67923,2.9118130107700058
600,67997,3.027436671975371
600,68073,3.0521298062141087
600,68135,3.0521298062141087
600,68157,2.883153594550829
600,68159,2.890535148059533
600,68194,3.00101442465786
600,68205,2.9235513203821295
600,68237,2.9523550432426426
600,68269,3.0084754310228052
600,68319,2.809975764742132
600,68347,2.9503385117050263
600,68358,2.8905093168132865
600,68444,2.9822783259802206
600,68480,2.9973817440592616
600,68486,2.9426821793282265
600,68522,2.9838983461388766
600,68536,2.98104879681232
600,68552,2.8943638514221086
600,68554,2.8637274462408917
600,68597,2.9332991519423164
600,68600,2.9761146032571757
600,68650,2.922518711195352
600,68659,3.0145896760579416
600,68791,2.862335868404971
600,68793,2.9417228696306656
600,68835,3.1164667022148604
600,68848,2.9908459894888746
600,68872,3.0100467818006167
600,68886,3.0651518460007883
600,68932,2.9469180883632897
600,68945,2.969221473604602
600,68952,2.9724385361276955
600,68954,3.068876845701309
600,68959,3.038092046192166
600,69069,3.0835610246588048
600,69118,2.9289208644249594
600,69122,2.9390926328923808
600,69131,2.8885737698359164
600,69134,3.1715784061735586
600,69140,2.9638768662179658
600,69211,3.0330137721139745
600,69224,3.0464953448675884
600,69227,2.9202865180236866
600,69251,3.028930069327645
600,69275,3.0387437051585517
600,69278,2.985222054226728
600,69304,3.046766057037814
600,69306,2.9503385117050263
600,69394,2.9125890980747626
600,69406,2.96479987544737
600,69436,3.018149644161245
600,69453,3.0432340674313907
600,69469,2.915559555598012
600,69481,2.9582737273369495
600,69495,2.9620084819025174
600,69516,2.9354923235442327
600,69524,2.946744086791696
600,69526,2.8562235680179544
600,69529,3.3125779407109164
600,69604,3.033864146491179
600,69606,3.0528851554957432
600,69640,2.898264900422944
600,69644,3.023804364776685
600,69654,2.910400002258483
600,69685,3.1369559140052137
600,69712,2.922790668808376
600,69720,3.006715840158431
600,69746,3.0621570248089
600,69757,3.0464953448675884
600,69784,3.0835610246588048
600,69805,3.1586315587515963
600,69844,3.123535162633819
600,69849,3.0100467818006167
600,69860,2.971999947480751
600,69904,2.9007623675564442
600,69951,3.1662698313481865
600,69953,3.9576412683795246
600,69988,2.980467038851588
600,70015,3.0035821014544015
600,70159,2.895151620417231
600,70183,2.982576832831156
600,70206,2.8861128460225727
600,70208,2.8190895608887
600,70286,2.866017961772667
600,70293,3.0464953448675884
600,70301,2.905061031997146
600,70305,2.990923729424586
600,70334,2.970799103707898
600,70336,2.866705982199313
600,70361,2.7712794568600256
600,70451,2.9426821793282265
600,70492,3.489711766049455
600,70521,3.0982026721006375
600,70533,2.9566937319145077
600,70545,2.981687033731266
600,70565,3.0835610246588048
600,70599,2.9207130501338017
600,70637,3.0059005942826595
600,70641,2.9836545892347934
600,70663,3.0651518460007883
600,70687,3.033222885901702
600,70697,3.13565790209613
600,70703,2.8290561265128495
600,70708,2.9196560864352943
600,70728,2.963484755585956
600,70862,2.966496147811295
600,70932,2.992708143411562
600,70946,3.076423863440828
600,70984,2.9898809520091043
600,70990,2.8318209678665283
600,70994,2.810118522553186
600,71033,2.9731828355906993
600,71057,3.1275308292362607
600,71106,3.0193460052357874
600,71108,3.0196651979515607
600,71129,3.0942383235129243
600,71131,3.671789749376318
600,71135,2.8847363241049213
600,71147,3.0144206374623206
600,71156,2.964057327669416
600,71160,3.1586315587515963
600,71205,2.942121247662955
600,71211,2.9358363178858444
600,71248,2.988600451320163
600,71252,2.884347589919297
600,71254,2.7909916524104768
600,71264,3.1743210189270457
600,71268,3.0521298062141087
600,71282,3.9576412683795246
600,71302,3.027523256894454
600,71304,3.0237309472795206
600,71327,2.996996828364981
600,71341,3.0694026472253597
600,71379,2.86690178606244
600,71429,3.004823044675503
600,71438,3.0144206374623206
600,71453,3.1107525910539375
600,71462,3.093056484104455
600,71464,2.9887363166614875
600,71466,3.0001421410861804
600,71468,3.0005846224474992
600,71484,3.0085443812628245
600,71494,2.9904918254408126
600,71500,2.960479667638473
600,71518,2.9915601717190166
600,71520,2.9624345075252947
600,71530,2.7515459948948093
600,71535,2.93444461061666
600,71550,2.9971520252215527
600,71579,3.0203309653119406
600,71619,3.0144206374623206
600,71640,3.9576412683795246
600,71668,2.9753575541443698
600,71732,2.9853661474528224
600,71745,3.0450500489936028
600,71810,2.8854056285707377
600,71823,3.0172295426558544
600,71838,2.8786524844932835
600,71867,3.0144206374623206
600,71899,3.044428218962594
600,71902,2.947885913379523
600,71910,2.863626866933844
600,71970,3.0999032774927024
600,71999,3.0305117061726343
600,72011,2.9155468506831497
600,72104,3.003501228275133
600,72129,2.851369573380767
600,72142,3.01021641201581
600,72165,3.0271180936928346
600,72167,2.8655229616228346
600,72171,2.9261782201577895
600,72178,3.030423809904739
600,72224,3.0172177542023637
600,72226,3.093316078271464
600,72294,3.1446299284317107
600,72308,2.9533240620712107
600,72330,2.9143475047586502
600,72356,3.1929019187946914
600,72378,2.856023421434931
600,72395,2.977285075363164
600,72405,2.9010568866801587
600,72407,2.994677755706843
600,72424,2.779943284645766
600,72479,2.941781017420377
600,72489,2.8510271778460043
600,72554,2.9417983303956547
600,72591,2.7146456426267003
600,72601,3.0305304739706664
600,72603,3.3477947546134987
600,72605,2.917838303117839
600,72624,2.947257638662725
600,72641,2.8909913865253185
600,72692,3.0642370250445183
600,72694,2.948733556067232
600,72696,2.94056011625023
600,72701,3.0881405713181325
600,72714,2.96674015167421
600,72720,2.9537985710241697
600,72731,3.066848414919365
600,72733,2.889043656374994
600,72737,3.1411242067974374
600,72874,2.713671386759353
600,72919,3.0398947809502808
600,72921,3.2531077720146557
600,72982,3.1586315587515963
600,72998,2.928678116044265
600,73015,2.9628445463108
600,73017,2.8281477731546385
600,73023,2.976964937867052
600,73042,3.0091686910713964
600,73106,3.0835610246588048
600,73160,3.1084699532446884
600,73211,2.865490493578925
600,73266,2.9894361309118342
600,73268,2.8836734005297746
600,73290,3.0144206374623206
600,73319,3.0214291510601803
600,73321,2.949750468505734
600,73323,2.8591867094707935
600,73344,3.0035821014544015
600,73386,2.958320336006265
600,73431,2.9454604919613168
600,73488,2.805463182279379
600,73499,2.9683054879967017
600,73501,3.0835610246588048
600,73515,3.0031217105933186
600,73569,2.9973817440592616
600,73676,3.0077157419529983
600,73681,3.0521298062141087
600,73741,2.8707305986511495
600,73804,3.17065192186455
600,73808,2.9503385117050263
600,73822,3.0898941940998355
600,73854,3.2879969972468253
600,73858,3.0835610246588048
600,73876,2.9178543120287515
600,73881,3.0426333688308955
600,73929,3.0446267967852574
600,74075,3.0050369831477655
600,74089,3.3257527974977568
600,74095,3.2689950130463368
600,74154,2.9884022363821896
600,74226,3.1107525910539375
600,74228,2.9724882091622566
600,74275,3.000311293687343
600,74282,3.023447231379098
600,74324,2.9943760947751112
600,74342,3.048682939850822
600,74370,2.8673712757536403
600,74450,2.98848826706272
600,74452,2.9189906664155885
600,74458,2.9689204309516732
600,74508,2.973731468894683
600,74510,2.9202978193255573
600,74530,3.1391425247238742
600,74532,2.9452224576130974
600,74545,2.9524623616345007
600,74553,3.474871831284076
600,74580,2.9435821071613457
600,74624,2.9990684949391664
600,74647,2.9871014081709277
600,74668,2.8135059226277965
600,74677,3.0161691055094844
600,74683,3.043836697574549
600,74685,2.8949128474236208
600,74688,2.989167741259865
600,74696,3.041267233735035
600,74698,3.1548153393038847
600,74727,3.044624468747394
600,74750,2.884347589919297
600,74754,2.9969726959589216
600,74789,3.2386198408434086
600,74791,3.4689673511752908
600,74795,2.872522952386648
600,74851,2.7723612909234117
600,74868,2.995968848974275
600,74916,3.048243273271899
600,74946,3.058319151047942
600,74948,2.934523456729421
600,75341,2.997826530909586
600,75389,2.8448669364808588
600,75395,2.9657957147725225
600,75416,2.8145440949433773
600,75446,2.9906480912864333
600,75803,3.0548688341233547
600,75805,2.955357023809944
600,75813,2.9737658766420045
600,75816,2.995855315295595
600,75947,3.9490610601357043
600,75985,2.783115363021179
600,76030,2.8625748446857266
600,76054,3.1107525910539375
600,76060,2.981370895210778
600,76077,3.0226604681857774
600,76091,2.9581090879420078
600,76093,3.2265650108101673
600,76143,2.841530705433106
600,76173,3.0645732224277316
600,76175,3.096027721255787
600,76251,2.9643580208491556
600,76293,3.0082140694775767
600,76301,3.097713432158544
600,76738,3.9576412683795246
600,76743,3.035697662027951
600,76751,2.958289014205045
600,76763,3.0174404846734686
600,77177,3.9576412683795246
600,77191,3.0350666546537943
600,77201,2.941661891338914
600,77206,3.042935254625606
600,77233,3.0843738305139765
600,77266,2.9675464718852864
600,77364,2.9346842279225656
600,77414,2.982202448442716
600,77421,3.0385038592869282
600,77427,3.0694026472253597
600,77455,3.174606320851751
600,77561,2.8787512869015175
600,77667,2.9553832472882937
600,77688,3.0835610246588048
600,77709,3.1037268469729895
600,77795,2.9250818253092077
600,77798,3.0327420869552064
600,77800,3.057758036780968
600,77841,3.0916946127834173
600,77846,2.8905695574033428
600,77866,2.9841442603696477
600,77881,3.0172295426558544
600,77893,2.9431022531596875
600,77931,3.013599493879531
600,78034,3.0336467972934598
600,78039,3.0127289416968104
600,78041,2.951633925551054
600,78088,2.858729361020754
600,78103,2.9793080423169873
600,78105,3.0770895071061024
600,78116,3.0486770810619204
600,78142,3.045644741153482
600,78160,3.0835610246588048
600,78174,2.9978232673536827
600,78209,3.0032470091456616
600,78218,2.936741653517293
600,78264,3.0206271860877503
600,78266,2.828664818429256
600,78316,2.989181045027057
600,78349,2.8915230289453246
600,78467,2.9005172171717555
600,78469,2.947865653028173
600,78499,3.113740775561195
600,78544,3.0835610246588048
600,78574,2.9795349443769914
600,78620,3.0963995146503747
600,78626,3.0815047057742957
600,78637,3.1841017453119744
600,78703,3.1126803362864046
600,78746,2.993246590181101
600,78772,3.0487625589767893
600,78836,2.940257904942208
600,78893,3.1017308002848285
600,78959,3.0144206374623206
600,79006,3.9576412683795246
600,79008,3.2327794917611876
600,79057,2.80439373341895
600,79073,2.9827007488609754
600,79091,3.0523343665887155
600,79132,2.909149043115575
600,79134,3.020751563210442
600,79139,3.0473173481886184
600,79185,3.0082140694775767
600,79224,2.944708016569242
600,79242,3.0521298062141087
600,79251,2.884347589919297
600,79259,2.929658190366999
600,79274,2.962234359854354
600,79293,2.728091150571487
600,79299,3.064614901385235
600,79333,3.0531970658476353
600,79357,3.0605506417145847
600,79428,3.0476865279018526
600,79501,2.9503385117050263
600,79536,2.9482258282949063
600,79553,2.7510689380078865
600,79572,3.0764933419224576
600,79590,2.9712054717217034
600,79592,2.9629512731475147
600,79677,3.3191554494927233
600,79684,3.0059433760393985
600,79695,2.885594403017229
600,79702,3.081820736910649
600,79798,3.0144206374623206
600,79868,3.0949402101652876
600,79879,2.8324091928580972
600,79895,3.136056097532898
600,79897,2.9968804151651227
600,79946,2.9887084093036207
600,80083,3.1452892116108417
600,80094,2.889949134211641
600,80124,2.9425967430878615
600,80126,2.914204031070434
600,80139,3.159256598940997
600,80162,2.8324091928580972
600,80166,3.067287788032605
600,80219,2.9621929364415163
600,80241,2.999088003671764
600,80363,2.8267093133497943
600,80454,3.0144206374623206
600,80463,3.000729737159784
600,80478,3.1064688268383187
600,80489,2.912726411917845
600,80549,3.038669581991558
600,80551,2.955046858935838
600,80553,3.0088158154348665
600,80572,3.0313589591325996
600,80584,3.0464953448675884
600,80586,3.0140109208531793
600,80590,2.9474526789073536
600,80615,3.250334356254259
600,80693,3.033944420104529
600,80727,2.977188575137443
600,80748,3.246701705177139
600,80831,3.037906648345258
600,80834,3.5337592009524554
600,80839,2.9967708668899453
600,80846,2.906368936624671
600,80858,3.01415685090525
600,80860,3.0162418689314534
600,80862,3.304679125025062
600,80864,3.1072922948221997
600,80880,2.954549116180697
600,80906,3.7629685293862942
600,80917,2.973835275541517
600,80969,3.0153282755783253
600,81018,3.4689673511752908
600,81087,3.026704660976432
600,81132,2.999584617752892
600,81156,3.068381618099594
600,81158,3.518753844532746
600,81191,3.9576412683795246
600,81229,3.003472581524662
600,81257,3.0144206374623206
600,81383,3.0651518460007883
600,81417,2.9851975334478205
600,81456,3.0172295426558544
600,81512,3.0397282432511172
600,81520,2.970114209328252
600,81535,2.913626345055331
600,81537,3.0331192736763635
600,81562,3.0032245805079936
600,81564,3.003552994287306
600,81591,3.010730187185305
600,81681,3.0629652266193674
600,81782,2.883182542866636
600,81784,3.0248646060112523
600,81786,3.0144206374623206
600,81788,2.9680438937933333
600,81791,2.98596800869481
600,81819,3.022198564057087
600,81831,3.0521298062141087
600,81834,3.141226133463978
600,81845,3.1163467383214414
600,81847,3.1512992206708845
600,81910,2.982700748860976
600,81932,3.0220780165994308
600,81949,3.017027558097133
600,82041,2.8580825900949147
600,82053,3.034266082006102
600,82088,3.0144206374623206
600,82093,2.986637105723873
600,82095,2.82619934574816
600,82152,3.0900127794725254
600,82167,3.0464953448675884
600,82169,3.2167332204981114
600,82202,2.8822246358815886
600,82242,3.003472581524662
600,82366,2.9869821115909936
600,82378,2.9607614884380795
600,82459,2.9668444145906414
600,82461,2.8991758710560065
600,82499,3.004454758627622
600,82527,3.01953178430935
600,82534,2.974453192267238
600,82641,2.9417983303956547
600,82667,2.841530705433106
600,82684,2.973627593666341
600,82744,2.9031334982147086
600,82765,3.0268357107771293
600,82767,3.0440675559578443
600,82848,3.15275948477532
600,82852,3.0042187742285713
600,82854,3.1771411029506247
600,82857,3.0670128150575295
600,83086,3.0426195711597814
600,83132,3.360987280776054
600,83134,3.0815047057742957
600,83177,3.031928141467519
600,83270,3.05348414329165
600,83349,2.987501646548978
600,83369,2.984836723701018
600,83374,3.209215136502027
600,83480,3.1764674422634553
600,83601,2.9761300078714528
600,83613,2.830418103662301
600,83796,2.9503385117050263
600,83803,3.2031588982335646
600,83827,3.448896561479293
600,83910,2.9916484112859933
600,83969,3.058539515840215
600,83976,3.0753991871667465
600,84152,2.883797206875904
600,84156,3.8311036097560915
600,84187,2.987346878901127
600,84189,2.915467633860862
600,84240,3.0144206374623206
600,84246,3.0651518460007883
600,84273,3.9576412683795246
600,84374,3.007379034433663
600,84392,2.9393286915048367
600,84414,3.016968060833366
600,84512,3.084596980108095
600,84523,3.0077157419529983
600,84553,3.0835610246588048
600,84601,2.891526726088447
600,84615,3.0903839728282776
600,84637,3.129284245730104
600,84696,3.0107089779405456
600,84716,3.0464953448675884
600,84772,3.0416228311598354
600,84799,3.088456883779173
600,84844,3.0035821014544015
600,84847,3.0464953448675884
600,84942,2.970849891279231
600,84944,3.053692166878957
600,84950,3.0308838675156453
600,84952,3.0237309472795206
600,84954,2.9297022315979793
600,85020,2.8619875696366788
600,85022,3.006422328021446
600,85025,3.070922766791122
600,85056,2.7667912673846797
600,85131,2.8074368095722515
600,85179,3.103267870481844
600,85213,2.9962885763949054
600,85259,3.194846205357763
600,85261,3.0347829875940366
600,85295,3.074541316327493
600,85316,3.237708060597983
600,85334,3.078018042185434
600,85342,2.9425967430878615
600,85354,2.8179512351021683
600,85367,3.0651518460007883
600,85394,3.838925736292067
600,85397,3.098112862112385
600,85399,3.0835610246588048
600,85401,3.0077157419529983
600,85412,3.4021749741713294
600,85414,2.8980404713634624
600,85438,2.986565344126601
600,85510,3.0132090679335444
600,85565,3.0643221772511
600,85736,3.0360470662385244
600,85774,3.2993616829806998
600,85780,3.092077775597462
600,85788,3.101983754906456
600,85796,2.8954649184643633
600,85881,3.0472822624606364
600,85885,3.0172295426558544
600,86000,3.056162180858999
600,86014,2.999546016504997
600,86028,3.0703236169779893
600,86059,3.0694721847988307
600,86066,3.0835610246588048
600,86068,2.884347589919297
600,86142,2.7509026621485306
600,86190,2.8748834371401735
600,86237,3.9576412683795246
600,86279,3.9576412683795246
600,86286,3.1178307084630053
600,86290,3.1121585495401414
600,86293,2.9943081300535033
600,86295,2.9879230089418978
600,86298,3.0935720456680733
600,86320,2.9846689578000687
600,86332,3.0734307427226755
600,86345,3.0835610246588048
600,86347,3.0835610246588048
600,86355,2.9915551672963785
600,86377,3.0835610246588048
600,86487,3.052202979157175
600,86504,3.9576412683795246
600,86548,2.9630684917527033
600,86593,3.2704767625273856
600,86628,2.8355205422629077
600,86644,2.9041038522120295
600,86668,3.9576412683795246
600,86721,3.2082279815343164
600,86781,3.01916150440593
600,86815,2.8967971511327466
600,86817,3.005679517951513
600,86833,2.9788574329797894
600,86835,2.8463600796708497
600,86864,3.220221059528534
600,86880,3.0242681720825204
600,86882,3.182591404267614
600,86892,2.8009033333885687
600,86898,3.0210539333896897
600,86911,2.9936511286125413
600,86922,3.0835610246588048
600,86960,2.7859664704112763
600,87028,2.9432593051410456
600,87192,2.9947622923532364
600,87194,3.0617367642668
600,87197,3.0103848844559176
600,87222,3.0277166692987754
600,87232,2.8608580701931827
600,87234,3.0464953448675884
600,87287,3.9576412683795246
600,87298,3.0595495338568255
600,87304,3.0419470774732322
600,87306,2.887638403653808
600,87413,3.0350228425779178
600,87430,2.9165638758637136
600,87444,3.088541788617576
600,87483,2.999929286899993
600,87485,2.9891128484116556
600,87520,2.866835995337385
600,87522,3.001740577421336
600,87529,3.1198131857110565
600,87660,2.97290383204227
600,87785,2.7849406800196848
600,87834,3.0857433640574503
600,87867,2.9742490418575813
600,87869,2.999703568527958
600,87876,3.056463394255405
600,87960,2.9837072221808962
600,88069,3.0488331203202668
600,88094,3.9576412683795246
600,88108,3.0491464067486693
600,88125,3.0842989158619774
600,88129,2.948302353751367
600,88140,2.913255882167787
600,88163,3.0464953448675884
600,88179,2.9773408536224344
600,88235,3.048602460389326
600,88267,3.10761475769117
600,88272,2.9530394211446365
600,88327,2.9426821793282265
600,88345,3.0396951994155557
600,88356,3.069656855424282
600,88405,2.998157027809259
600,88448,3.0521298062141087
600,88515,2.8307814653978722
600,88593,2.9503385117050263
600,88672,3.0839669803278587
600,88697,3.0144206374623206
600,88699,2.7823774683189795
600,88744,2.890292070254451
600,88746,3.0735090412453836
600,88785,3.0628242755600206
600,88810,3.005832310484375
600,88812,2.9636527076902652
600,88911,3.0835610246588048
600,88932,2.839375927522707
600,88954,3.0835610246588048
600,89028,2.838385530143187
600,89030,3.0080591421690914
600,89039,3.0157455548217698
600,89047,3.0010307514695476
600,89072,3.013947593447357
600,89085,2.950635431899275
600,89087,2.9283410941545873
600,89090,3.436709833492093
600,89118,3.0144206374623206
600,89190,3.1393933315938827
600,89208,2.899003260869978
600,89281,2.865507822905142
600,89305,3.0978601839309423
600,89343,2.8752543942534943
600,89386,3.572913161702221
600,89388,3.0259530218451163
600,89427,2.884347589919297
600,89470,2.7903021418670706
600,89492,2.954060262383774
600,89580,3.0144206374623206
600,89582,2.950635431899275
600,89586,3.1311641418463756
600,89678,2.9737624700208625
600,89745,2.9541744983430402
600,89753,2.9696416462840403
600,89759,3.0144206374623206
600,89761,2.96419943006759
600,89774,3.0043457343883495
600,89804,2.969068878693625
600,89837,2.9425964619209246
600,89840,2.835366486230914
600,89862,2.9703783452193697
600,89864,3.042229389322525
600,89898,3.028197689816619
600,89904,3.0697405778181968
600,89939,3.080284343813088
600,89945,2.954136364353964
600,90057,3.0427084628063623
600,90243,2.9417983303956547
600,90245,3.9576412683795246
600,90249,2.900456807459209
600,90343,3.050743448805204
600,90345,2.8682881926233645
600,90353,2.975544075946988
600,90357,3.041276406092398
600,90374,2.9829671702762313
600,90376,2.9889950749650156
600,90384,2.7598124317834163
600,90403,2.9745256614798463
600,90405,2.836836398211562
600,90428,2.9964766549728994
600,90430,3.057924268851942
600,90439,2.954968320656078
600,90469,3.0413340520780587
600,90471,2.9871967119501512
600,90522,3.0145337140492825
600,90524,2.8830282162781087
600,90528,2.9366002760377192
600,90531,3.022348699617051
600,90576,3.0651518460007883
600,90600,2.805963988372425
600,90603,2.939412896815978
600,90630,3.5551494621525683
600,90647,3.1984370815834664
600,90717,2.926107738088347
600,90719,2.912669466619383
600,90738,2.9202978193255573
600,90746,3.0260277775308864
600,90769,3.1817095255395147
600,90809,3.0087319413088043
600,90863,3.7218433288167665
600,90866,3.0482187294273784
600,90888,3.0927556465608372
600,90890,3.026113815829843
600,90943,3.8972347561124607
600,90945,3.043204536911431
600,91077,3.024672557256078
600,91079,3.0276279203770438
600,91094,3.0447716498488604
600,91104,3.1335119370200104
600,91126,2.951112921513996
600,91128,2.992312033030975
600,91233,3.086593779808276
600,91261,3.0426195711597814
600,91266,2.9889748810019694
600,91273,3.0683629033970763
600,91323,3.0235164372573013
600,91325,3.0144206374623206
600,91337,3.0651518460007883
600,91353,3.1252634001960966
600,91355,3.1928783856389225
600,91386,3.031549300353844
600,91414,3.0442981776844413
600,91470,2.9295247018471344
600,91483,2.820666522273929
600,91485,2.888819765782886
600,91488,3.233709030756124
600,91500,2.929354138106377
600,91529,2.8877580055841348
600,91535,2.874933415549171
600,91542,2.9503558139039163
600,91571,2.9469181610832864
600,91622,3.0474335623647737
600,91628,2.999405708067942
600,91630,2.8994121822823855
600,91653,3.0194406457428347
600,91658,2.9384930816529033
600,91660,2.7976787404665187
600,91666,3.030077772386386
600,91671,3.086375736328543
600,91688,2.9845221557331967
600,91690,3.0468405328904757
600,91784,3.130761168846965
600,91842,2.8944571852586423
600,91860,3.9576412683795246
600,91869,3.555149462152568
600,91873,3.070080271859336
600,91890,3.0342752393105474
600,91935,3.02405897741484
600,91947,2.992266429683202
600,91974,3.075526823690705
600,91976,2.9186562787939434
600,91978,2.833649904928034
600,91981,3.0144206374623206
600,92008,2.6762121329965582
600,92046,3.090941729956855
600,92048,2.941260629877945
600,92094,3.023722679131212
600,92192,2.8855509904469345
600,92198,2.897714145195064
600,92234,2.9751488528564622
600,92243,3.0100467818006167
600,92259,3.0521298062141087
600,92264,2.9631453511650725
600,92309,2.871859067841221
600,92348,3.1644334824850753
600,92391,3.0477057881808602
600,92420,2.820491229294391
600,92422,2.9676493093375336
600,92427,3.0835610246588048
600,92439,2.997550712330834
600,92475,3.9576412683795246
600,92494,3.159256598940997
600,92507,2.8075705458248024
600,92509,2.942282675309668
600,92535,3.0835610246588048
600,92637,3.1439551867735287
600,92643,3.0476332841011136
600,92665,3.0464953448675884
600,92674,3.0712573497992093
600,92681,3.0116351527380703
600,92694,2.9867059970822045
600,92730,3.332262414681324
600,92760,2.9614135742985286
600,92938,2.977394009111138
600,92954,2.9254978035082266
600,93006,3.1074533032549443
600,93008,3.1074533032549443
600,93022,3.0440756735667804
600,93040,3.5355525531629484
600,93114,3.0537506359599407
600,93134,3.0835610246588048
600,93139,2.987822812953308
600,93193,2.8829936038994988
600,93208,3.2031588982335646
600,93242,2.949155219654661
600,93270,3.0269526122040107
600,93272,3.4491498671519465
600,93287,3.065610384560676
600,93297,2.7816366706598115
600,93320,3.064573222427731
600,93326,2.9738383939843747
600,93363,2.9498499299631615
600,93443,3.0410383590473278
600,93502,2.9469294252116067
600,93510,2.964280604283253
600,93512,3.0521298062141087
600,93563,2.792867710685471
600,93598,2.9503385117050263
600,93610,2.993365286216202
600,93721,3.6662861294687503
600,93723,3.0584207817325546
600,93740,3.044470660069655
600,93766,3.117106853447804
600,93790,2.9909379454247773
600,93805,2.982351222712244
600,93819,3.014769699744967
600,93831,3.0835610246588048
600,93838,2.8179512351021683
600,93840,3.00724595841145
600,93855,3.0425434649615766
600,93980,3.00944418430376
600,93982,2.8706287504712957
600,93988,3.0172295426558544
600,94011,2.788418227773811
600,94015,3.1591622931335337
600,94018,2.7795167823595266
600,94070,3.0754133960355734
600,94122,3.846531964160525
600,94130,3.4656945082039714
600,94150,3.069992933009907
600,94160,3.2216308777050116
600,94262,2.9405704787023184
600,94266,3.019073708132625
600,94323,3.042133532833907
600,94325,3.0144206374623206
600,94405,2.823154737787022
600,94478,3.056794774866043
600,94494,2.974500920318294
600,94503,3.0722855972298797
600,94661,3.050969038932747
600,94677,3.0835610246588048
600,94735,3.957641268379524
600,94777,2.9758736502330656
600,94780,2.9851367192276967
600,94799,2.9882063349844623
600,94810,3.1169139456509773
600,94833,3.1252634001960966
600,94864,2.857239166195484
600,94867,2.907710548537742
600,94896,3.0440996631627546
600,94919,2.909681121602558
600,94931,3.014224511903906
600,94953,3.0334305299598636
600,94959,3.0707634116902787
600,94985,2.885877465199428
600,95004,2.992536701207192
600,95067,3.0175423847966862
600,95088,3.0553851971882424
600,95105,3.0730190155920596
600,95135,3.059031055831524
600,95145,3.058461077097058
600,95147,3.058461077097058
600,95149,3.104316205827139
600,95163,3.058461077097058
600,95165,2.9692885040373387
600,95167,3.07433193974583
600,95170,3.0750224449707018
600,95175,2.9138087420631287
600,95182,3.021779341888593
600,95193,2.9348845936977233
600,95199,3.018134371786981
600,95201,3.16535729668707
600,95207,2.9934749661357665
600,95218,3.9226813063388697
600,95307,3.0445916649010276
600,95309,3.0193909070408718
600,95311,3.1945931077346494
600,95313,3.075672445492363
600,95377,3.150819484628422
600,95441,3.1673326813570983
600,95449,2.9749226499034633
600,95473,3.0607436188743113
600,95475,3.0607436188743113
600,95497,3.0607436188743113
600,95499,3.0607436188743113
600,95508,2.9584937713062063
600,95510,2.925499142189636
600,95519,3.2004346853969396
600,95543,3.138652293793522
600,95558,3.179820815519566
600,95583,2.90979080917391
600,95624,2.99290947731682
600,95633,3.0694026472253597
600,95654,3.2031588982335646
600,95690,3.0090987586930016
600,95717,3.1436613483051206
600,95720,3.004591471476295
600,95738,3.1154323455230033
600,95744,3.035678300849009
600,95761,2.931647328903011
600,95771,3.0607436188743113
600,95780,3.0607436188743113
600,95796,2.8463600796708497
600,95839,3.1418559537415116
600,95843,3.1597511289625753
600,95858,3.1197993365133216
600,95873,3.13146772834527
600,95875,2.7645771723581114
600,95939,3.048494744037116
600,95949,3.0835610246588048
600,95965,3.0607436188743113
600,96004,3.0607436188743113
600,96007,3.0607436188743113
600,96020,3.0144206374623206
600,96079,2.932642797723868
600,96084,3.0144206374623206
600,96110,3.0415237676417535
600,96114,2.8250667201336372
600,96121,3.0286729377441866
600,96150,3.8668098588111537
600,96281,3.140172395936028
600,96283,3.002399390228519
600,96373,3.0314490825357563
600,96411,3.9576412683795246
600,96417,2.7864458463955897
600,96430,3.099238912956152
600,96432,2.9551475657025623
600,96448,3.0815047057742957
600,96471,3.008997279762225
600,96488,3.9008056281460477
600,96518,2.950635431899275
600,96520,3.0196651979515607
600,96530,3.04687977598282
600,96563,3.299542282874504
600,96567,2.9958199496917173
600,96588,3.1074533032549443
600,96606,3.9226813063388692
600,96608,2.9631657289537894
600,96610,2.893798998095174
600,96616,3.031970289913707
600,96655,3.0187943986405816
600,96691,2.806166951442334
600,96726,3.0381913082044947
600,96728,2.9624663282215282
600,96737,2.85316027439556
600,96811,2.9412777034912794
600,96815,2.9270419799039433
600,96821,2.987231265131292
600,96829,3.0144206374623206
600,96832,3.11127475381997
600,96861,2.9118130107700058
600,96917,2.9023472669165
600,96935,3.1593246875618806
600,96945,3.0464953448675884
600,96964,2.998685798731764
600,96975,3.018503163499191
600,97024,3.0172295426558544
600,97168,3.3832173069716327
600,97172,3.0908801215073587
600,97188,2.868515081240241
600,97194,3.9576412683795246
600,97225,3.108944434046342
600,97230,3.6181387368789317
600,97285,2.8591867094707935
600,97304,2.9400047426461353
600,97306,3.0645732224277316
600,97328,3.0338555641854685
600,97470,2.9286996470168005
600,97643,2.884347589919297
600,97665,3.1005207633275145
600,97701,3.0430992363637865
600,97742,2.8070732546660326
600,97752,2.959302107821384
600,97757,3.1589531447930908
600,97785,2.913626345055331
600,97836,2.9665905676793987
600,97858,3.031692573362393
600,97860,2.9503385117050263
600,97866,3.8340904991921887
600,97870,3.0144206374623206
600,97904,3.053431359264315
600,97913,3.0655133691590803
600,97921,3.053186917982931
600,97923,3.0073165868927374
600,97936,3.0034416563504127
600,97938,3.045205426907802
600,97950,2.9430399872908297
600,97988,2.925832841500453
600,98061,3.0158794148687202
600,98083,3.159256598940997
600,98122,3.9490610601357043
600,98124,2.9566937319145077
600,98154,2.9052474988882127
600,98160,3.0822935088728607
600,98175,3.022450933874691
600,98203,3.124630033687875
600,98230,3.029210586084041
600,98239,2.7426913577934133
600,98243,3.2442826762087686
600,98279,3.085625454899151
600,98296,2.9340176483425084
600,98361,3.0843790192061658
600,98491,3.08195871757396
600,98499,3.003472581524662
600,98503,3.003472581524662
600,98585,2.9847624014844025
600,98604,3.0681280874159134
600,98607,2.959719538462017
600,98623,2.9973817440592616
600,98633,3.003472581524662
600,98697,3.1005207633275145
600,98799,3.1872512854742467
600,98809,3.3534657409800017
600,98836,3.0612154684523047
600,98908,3.0651518460007883
600,98961,2.865286963867787
600,99005,2.9074585272681155
600,99007,3.0160489601676232
600,99030,3.0419967448242162
600,99087,3.0377455894152607
600,99106,3.044139936514282
600,99112,2.8489058330579127
600,99114,2.991159086118722
600,99117,3.0058131299220623
600,99122,2.979315862159655
600,99130,2.910806544881317
600,99145,2.950635431899275
600,99149,3.031488843113725
600,99191,2.750794290922483
600,99415,2.9956062788196727
600,99437,3.1616342409068134
600,99532,3.0172295426558544
600,99574,2.9959409115704347
600,99636,3.051541210297809
600,99638,3.0835610246588048
600,99721,2.8781633994184364
600,99728,2.9128831456867963
600,99750,2.9536281079777065
600,99764,3.134862473863668
600,99813,2.992536701207192
600,99846,3.9576412683795246
600,99853,3.062875177821548
600,99910,2.7835005687127667
600,99917,2.925737619193939
600,99992,2.971413212149773
600,100044,3.9576412683795246
600,100068,3.0835610246588048
600,100083,3.027158588628951
600,100106,3.9730218731772036
600,100159,3.1021355343176653
600,100163,3.0745712471796307
600,100194,3.0835610246588048
600,100226,3.0471268850395394
600,100277,3.017229542655855
600,100302,2.9924309108686558
600,100304,2.777247077019271
600,100306,3.0228567618602997
600,100326,3.0256346808836323
600,100383,2.9431451007910208
600,100390,3.0325739961544063
600,100397,3.047598460533913
600,100487,3.0925422962971574
600,100498,2.757363569491828
600,100507,3.0835610246588048
600,100527,2.9982618067687867
600,100553,3.9576412683795246
600,100556,3.9059974297568245
600,100579,2.785067120051321
600,100611,3.0912774046347224
600,100714,3.005525468601464
600,100737,2.8986740352709064
600,100810,2.8810271323462326
600,100843,3.0521298062141087
600,100882,3.148020978132319
600,100906,2.8024970778331344
600,101025,3.2165266578475604
600,101070,3.0194526333115133
600,101072,3.0835610246588048
600,101074,3.1428899905802092
600,101076,2.8661392478407333
600,101088,2.995108778124995
600,101112,3.146252632071524
600,101142,3.119325502349298
600,101283,3.0110035867004257
600,101360,2.9151064661013204
600,101362,2.6614363545852022
600,101415,3.0232885682551585
600,101423,3.0550784099949895
600,101525,2.9931585590212806
600,101529,3.1264206358940223
600,101531,2.982009372694227
600,101577,2.939160451719742
600,101612,3.0651518460007883
600,101739,2.933709075448213
600,101741,2.8697538902698145
600,101765,3.0820532922745705
600,101864,2.9033837159004547
600,101884,2.987869843942959
600,101895,2.9474167643534015
600,101962,3.541283810422579
600,101973,2.969808472839209
600,102007,3.4689673511752908
600,102025,2.9971227714435256
600,102033,2.973834552501127
600,102058,3.4689673511752908
600,102066,2.9247158631504218
600,102070,3.044904695035463
600,102084,3.227269874974089
600,102088,2.9302889147367286
600,102123,3.0069898609750485
600,102125,2.8150618015391604
600,102165,3.037883094654532
600,102194,3.0490693551688377
600,102217,3.0835610246588048
600,102278,2.84318131497966
600,102338,2.9932046246026505
600,102378,3.0492476599561917
600,102407,2.9615145424685467
600,102445,2.913229472557472
600,102481,3.0079577416739576
600,102590,3.1968627999874184
600,102602,3.0640419854283345
600,102666,3.1005207633275145
600,102684,2.9475677871802994
600,102686,2.955673955164172
600,102716,2.793380426379131
600,102720,3.232777840404593
600,102735,2.9850741638957263
600,102742,3.9576412683795246
600,102747,3.1105174678565217
600,102749,2.877988403029152
600,102760,3.0292632775597133
600,102800,3.053963387301197
600,102802,2.9075792967528713
600,102819,2.940960768605909
600,102823,3.0074870167678665
600,102852,3.9576412683795246
600,102880,2.8795428405250934
600,102903,2.8238350296119066
600,102984,2.884347589919297
600,102993,3.0521298062141087
600,103027,3.043752025742347
600,103042,2.992581587357786
600,103048,3.0923869665615507
600,103075,2.882877388951966
600,103085,3.2083286528474932
600,103107,3.9576412683795246
600,103137,3.008140571274275
600,103141,3.092165769447869
600,103171,3.0835610246588048
600,103210,3.061969352093658
600,103219,2.8798997925256646
600,103221,3.0625685402029093
600,103228,2.8960315494315716
600,103233,3.0607436188743113
600,103235,2.788394812145639
600,103245,3.0464953448675884
600,103249,2.918553279180095
600,103253,2.8952642806782163
600,103335,3.067506679362838
600,103339,2.8600142631812
600,103341,3.0020592034511124
600,103366,2.805963988372425
600,103372,2.948811396357072
600,103384,2.910016422474105
600,103449,2.9516786042523533
600,103483,2.907874449569773
600,103502,3.0651518460007883
600,103539,3.042930793722544
600,103543,3.061370749142196
600,103596,2.8897709061175885
600,103602,3.159256598940997
600,103606,3.0574917046775263
600,103609,2.8870944587004135
600,103624,3.0237917751259173
600,103655,3.0528261535606087
600,103685,3.0804242671060287
600,103688,2.8999669758498663
600,103755,3.1928783856389225
600,103772,3.047470549595843
600,103801,3.028217327991184
600,103810,2.932423262801428
600,103819,3.080256528038682
600,103865,3.0424944261555806
600,103883,2.9476366392850237
600,103980,3.0780561011467866
600,103984,3.0521298062141087
600,104017,2.9475216991774413
600,104069,3.0835610246588048
600,104074,3.1569613706573767
600,104076,3.0522866285354255
600,104078,3.087316399846742
600,104129,2.7574324090289295
600,104141,2.966460486252144
600,104211,3.0645732224277316
600,104218,3.0042871719867787
600,104241,2.957624324591519
600,104243,2.798937142374584
600,104245,3.080761752845991
600,104272,3.8601511049705306
600,104283,3.0681280874159134
600,104303,2.977970429785665
600,104337,3.0144206374623206
600,104339,3.1088792823890583
600,104374,3.1205455610722193
600,104419,2.9486702789010857
600,104457,2.9677851960478883
600,104644,3.0835610246588048
600,104760,2.7635196922656498
600,104780,3.1275308292362607
600,104837,3.015996282789855
600,104841,2.9143388583921315
600,104863,3.0464953448675884
600,104875,3.0839371523093475
600,104879,2.92922870108836
600,104906,3.0622047433441573
600,104908,2.9239368614634365
600,104913,2.940454632558627
600,104925,2.9667057224240305
600,104944,3.0171149428378814
600,105020,3.0013841921750934
600,105037,3.0417674308942213
600,105121,2.9499251146757812
600,105197,3.047694636764779
600,105211,3.0262493775478685
600,105213,3.0464953448675884
600,105246,3.1715784061735586
600,105250,3.9788582183298478
600,105254,3.1005207633275145
600,105325,3.0815047057742957
600,105351,2.9251504899710494
600,105355,3.0172295426558544
600,105468,3.154624672606928
600,105504,2.9591400180812513
600,105540,2.9832578386438846
600,105585,2.805963988372425
600,105593,3.041983859749603
600,105653,2.78561978163127
600,105720,3.0436373374899084
600,105731,2.9674934416365937
600,105746,3.555055201318158
600,105755,2.9473144728141394
600,105801,3.1584884026731386
600,105835,3.0121404549200936
600,105844,3.0407343020889606
600,105954,2.9819816916939366
600,106002,2.905778041393492
600,106062,3.0835610246588048
600,106072,3.107425459214484
600,106100,3.039080895354029
600,106144,3.0118694355125055
600,106330,2.994741802148958
600,106438,3.040356136399832
600,106441,2.9835042680482444
600,106487,2.8804800356753897
600,106489,3.2896854306948025
600,106491,3.1306463238719378
600,106540,3.020012824069911
600,106542,2.99950723729924
600,106594,3.0464953448675884
600,106642,3.027060417383869
600,106648,3.0131685848407685
600,106696,3.161815156945899
600,106766,2.9871317938554953
600,106782,3.0140113619398194
600,106785,2.7730012401591226
600,106839,2.9984389841223136
600,106873,3.0084668854175263
600,106883,3.0521298062141087
600,106889,3.858383945623001
600,106916,2.9885958425746386
600,106918,3.041273381504707
600,106920,2.9922039043524387
600,106927,2.9849298747492723
600,107013,3.1715784061735586
600,107069,2.89095712154956
600,107141,3.0165112078759906
600,107159,2.9417983303956547
600,107314,2.9240444383478446
600,107338,3.0645732224277316
600,107348,3.005357760614721
600,107406,2.9248072899548956
600,107408,3.048682939850822
600,107410,3.027060417383869
600,107412,3.0651518460007883
600,107436,2.919540786907831
600,107447,3.033949028367026
600,107449,3.0764933419224576
600,107462,2.7802266200705312
600,107565,3.0835610246588048
600,107630,3.067667619186088
600,107702,3.0272743946970926
600,107723,3.120033242224929
600,107771,3.0194369858788113
600,107780,2.8283960548468694
600,107846,2.9683054879967017
600,107945,2.788394812145639
600,107951,3.0616542421809654
600,107953,3.1595776998595437
600,107962,2.76745827499287
600,107997,2.9933210391938267
600,107999,3.2031588982335646
600,108078,3.0651518460007883
600,108090,3.058461077097058
600,108156,2.9630100642558594
600,108188,2.882873163540121
600,108190,2.9331477871421447
600,108192,3.0144206374623206
600,108540,3.0811563882456836
600,108601,3.0144206374623206
600,108689,3.0698160588128207
600,108715,3.0401716818888387
600,108727,3.0144206374623206
600,108729,2.8523208813628598
600,108795,3.082496911780855
600,108928,2.898986258101438
600,108932,3.1336286555383364
600,108945,2.7858890542990835
600,108949,2.930338795548722
600,108981,3.0196651979515607
600,109042,3.1835881575126144
600,109161,3.0144206374623206
600,109183,3.002348315206059
600,109187,3.141901752172559
600,109191,3.045791322960671
600,109241,2.9973817440592616
600,109282,3.9226813063388692
600,109295,2.942249779733008
600,109313,3.0695879622981654
600,109317,3.0392770917668424
600,109372,3.0080363411219517
600,109374,3.0965619199449512
600,109383,3.0741969388444814
600,109416,2.957597475987931
600,109483,3.028720528400883
600,109487,2.9174506702315393
600,109569,2.9122956701095215
600,109576,3.063688148719085
600,109578,2.8065125769625276
600,109596,3.0879381279085427
600,109633,3.14351410563788
600,109673,2.914683509564562
600,109687,3.8670580615225414
600,109723,2.922475820343123
600,109846,3.1155517729175646
600,109848,2.8864046130021808
600,109850,2.865591854982259
600,109853,3.0413835171933923
600,109864,3.019578885725327
600,109895,3.0520319773560787
600,109897,2.9258965050846935
600,109941,3.1034105225190114
600,109968,2.9417983303956547
600,109971,3.0835610246588048
600,110102,2.8571430895132366
600,110127,3.0276950119405206
600,110130,3.106952562986021
600,110281,3.0464953448675884
600,110286,2.8808985956265785
600,110297,3.0146364939877808
600,110330,3.0144206374623206
600,110350,3.5316644057532502
600,110387,3.59441526090797
600,110501,2.805963988372425
600,110541,3.003472581524662
600,110553,2.802069946091268
600,110586,3.049486342619398
600,110591,3.0842225580001217
600,110603,2.9880913164337075
600,110611,2.9601959291143154
600,110655,3.0707653974022677
600,110669,3.1654699089189897
600,110718,3.068236938977662
600,110730,2.9326128398757287
600,110746,3.034369632368123
600,110771,2.9946727706577905
600,110773,3.028221824407114
600,110781,3.0173794032715158
600,110826,2.9415293697234137
600,110882,3.0140158020656114
600,111113,3.0028994749788174
600,111146,3.070120651633787
600,111320,3.0835610246588048
600,111360,2.8346594306451927
600,111362,2.890457590755376
600,111364,2.8887439388527176
600,111375,3.0232547817626685
600,111384,2.9071300138534064
600,111443,3.0524377121577744
600,111551,2.8864046130021808
600,111617,3.0288895477626907
600,111622,3.0548133650207516
600,111659,2.9729422814361937
600,111663,3.0043435938425236
600,111680,3.0481277623713234
600,111732,3.1715784061735586
600,111743,3.0618141109299306
600,111759,2.811108113370963
600,111781,2.911502958763243
600,111785,3.1586315587515963
600,111795,3.0100874172573335
600,111800,3.0229686801151407
600,111817,3.004706373571009
600,111844,2.9417983303956547
600,111913,3.0149332614790594
600,111921,3.0028206794954677
600,112006,2.9799828529482095
600,112070,3.0061001000970693
600,112138,2.962308763854437
600,112171,2.750448247456143
600,112175,3.0373958865576096
600,112183,3.0521298062141087
600,112290,3.0533834125041226
600,112303,2.9968082218528678
600,112316,2.972713261300925
600,112326,2.7465176763338843
600,112334,3.9576412683795246
600,112370,2.888529513371376
600,112421,3.0569321885525227
600,112450,3.034733197228169
600,112454,3.0144206374623206
600,112460,3.0829712225479438
600,112497,3.033929148796484
600,112512,3.198173149698162
600,112515,2.9629660321052587
600,112552,3.010137848180356
600,112556,2.9335344061833917
600,112580,3.045918808681842
600,112623,2.854482370479167
600,112727,2.8240316111421024
600,112749,3.028670264718188
600,112788,3.0027556827355557
600,112804,3.0031833040066953
600,112818,2.8064739825928924
600,112852,2.93488570467993
600,112868,2.8565872382780793
600,112897,2.8817409230236604
600,112911,3.013957800931142
600,112940,2.834183114529249
600,113159,3.0384768226945105
600,113186,2.7883948121456394
600,113207,3.0129770898614474
600,113225,3.079675518846528
600,113252,3.025729676879965
600,113275,3.004189508916864
600,113278,2.910601329947935
600,113280,3.0471406973354687
600,113313,2.8766474394478334
600,113345,2.8839944851542327
600,113348,2.9829223320131657
600,113350,2.9932455576798485
600,113374,3.1369559140052137
600,113378,2.9705376397449488
600,113394,3.028308215626892
600,113416,2.9351329779618167
600,113453,3.010524611479039
600,113532,3.0767821907960697
600,113565,2.885385395122745
600,113573,2.8022003607834765
600,113604,2.953948707873863
600,113705,3.0144206374623206
600,113741,2.963366213642952
600,113780,2.884347589919297
600,113829,3.041418283030367
600,113849,2.9493124949805223
600,113862,2.788394812145639
600,114028,3.0541638360126897
600,114044,3.015853446205014
600,114060,2.95046185810894
600,114066,3.132983745645511
600,114074,3.0346114380249127
600,114126,2.991175489451788
600,114180,2.814303639741528
600,114184,3.008476688750911
600,114246,2.838815470378131
600,114265,3.061294088211331
600,114335,2.991480996068152
600,114396,2.9903335800684383
600,114494,2.788394812145639
600,114554,3.2078878577171652
600,114601,3.016194357522164
600,114627,3.2078878577171652
600,114662,2.7946850374684313
600,114670,3.0489240696533573
600,114678,3.0539663610884187
600,114707,3.025345027421861
600,114713,2.9355357288598194
600,114762,3.05706344059089
600,114795,3.076081249068796
600,114818,2.9552596292072786
600,114847,2.833340186583675
600,114925,2.946400884717251
600,114935,2.8466832794147794
600,115065,3.2309635061971917
600,115111,3.055701528728986
600,115122,3.0965903240512613
600,115149,2.7916225981938716
600,115151,2.8355433294372054
600,115170,2.966370740026724
600,115203,3.892148541736175
600,115210,2.9367795242708565
600,115216,3.0143131422926572
600,115231,3.04605546275699
600,115502,3.0216720895425686
600,115569,2.956873762441586
600,115617,3.0340104338975857
600,115664,3.137217458581745
600,115667,3.0651518460007883
600,115680,2.9341671654712336
600,115713,2.979941602303233
600,115727,2.9683054879967017
600,115819,3.134006205020737
600,115828,3.0625319234416586
600,115877,3.1369559140052137
600,115969,3.010046781800617
600,116044,2.906836547882116
600,116138,3.00761076143526
600,116169,2.7359326126393086
600,116207,2.951647924166667
600,116411,3.0144206374623206
600,116413,3.0507299319512455
600,116419,2.989285917108126
600,116505,3.003472581524662
600,116529,2.9295385317851244
600,116668,3.010546201006701
600,116718,3.1074533032549443
600,116724,3.046495344867589
600,116738,3.0971379825489898
600,116797,2.9811919834922436
600,116799,3.011798627033831
600,116817,3.058194132330163
600,116823,2.9579405833828254
600,116849,3.0498809059559453
600,116887,2.965168560499853
600,116897,3.0156976656910692
600,116941,3.010887700386955
600,116963,2.9038626907142087
600,116977,3.0310993921568437
600,116985,3.0521298062141087
600,117107,3.0076116850380092
600,117109,3.1012137299718368
600,117133,2.9085752933184144
600,117176,3.008049550814097
600,117192,3.0558410082795904
600,117364,3.354219950207877
600,117368,3.0421678888074646
600,117444,3.3304773339742875
600,117466,2.9502529430217703
600,117511,3.0835610246588048
600,117529,2.930337455911094
600,117531,3.9576412683795246
600,117533,3.6208748827743458
600,117545,3.4689673511752908
600,117572,3.0531970658476353
600,117590,2.9984813721699517
600,117630,3.003097225473531
600,117646,3.059517815471479
600,117849,3.0478806246614227
600,117851,3.0941589438355726
600,117867,2.9077967099358863
600,117877,3.2381040529584415
600,117881,3.0021548061787247
600,117887,3.1241077726498077
600,117895,2.76995704141397
600,117922,3.168727169867845
600,118082,3.00293643426011
600,118166,3.0437379465543013
600,118198,3.0176305845485425
600,118248,2.9251195746405183
600,118270,3.017368188533566
600,118290,2.720661458937041
600,118326,2.941679940960763
600,118354,2.94928263050442
600,118512,3.0835610246588048
600,118530,3.0835610246588048
600,118572,3.048261910313228
600,118696,3.340665849082923
600,118700,2.9956670467721205
600,118702,2.9579903057643273
600,118706,3.014846265473995
600,118784,3.086054679604271
600,118814,3.02931508876113
600,118834,3.0148768887258197
600,118862,3.0540715732322536
600,118880,2.9618452821355015
600,118888,3.0835610246588048
600,118894,3.1728120349556024
600,118896,3.0261586638812026
600,118900,3.005075684645507
600,118924,3.068725251906822
600,118930,3.0835610246588048
600,118985,2.9918995193046802
600,118997,3.1859212080793244
600,119068,3.0521298062141087
600,119141,2.9862967842875494
600,119145,3.0087696794863614
600,119153,3.0835610246588048
600,119155,3.135460622885562
600,119167,2.842230103923084
600,119218,2.913456592654331
600,119655,3.2216970091646315
600,119714,3.089713674011869
600,119828,2.9225131354594045
600,119964,3.0749161752361673
600,120130,3.2078878577171652
600,120138,3.103366237255468
600,120466,2.7427998568385554
600,120478,3.7892859766565783
600,120625,3.012567952910742
600,120635,2.809383022758201
600,120637,2.894938142355307
600,120761,3.014420637462321
600,120783,2.945933083440882
600,120799,2.9097620572782104
600,120807,3.0835610246588048
600,120813,3.0835610246588048
600,120827,3.0171250409000483
600,120919,3.008179362193569
600,121007,3.032751830369691
600,121035,3.0144206374623206
600,121097,3.0744160943847123
600,121099,3.2031588982335646
600,121129,3.087229331969679
600,121169,3.016366031738664
600,121171,3.3240954149786694
600,121231,3.0125314663722316
600,121253,2.884347589919297
600,121338,3.0820532922745705
600,121342,3.0651518460007883
600,121372,3.0835610246588048
600,121374,3.0835610246588048
600,121469,2.96718271607579
600,121715,3.0835610246588048
600,121781,3.11485310557852
600,122092,3.0021477049994143
600,122246,3.0831748651679893
600,122260,3.0100467818006167
600,122433,2.9800526050150484
600,122490,2.89022667123384
600,122627,2.7880720243518047
600,122882,2.9157569313894167
600,122884,3.0833899920132897
600,122886,3.0919124563853457
600,122888,2.991480996068152
600,122890,3.1487199498057534
600,122892,2.925989223777814
600,122896,2.9176456826522745
600,122898,2.940549399372304
600,122900,2.883532188274219
600,122902,3.0340442140223702
600,122904,3.0166301269072133
600,122906,2.977794482346267
600,122912,2.9475216991774413
600,122916,2.944999223398696
600,122918,2.9475216991774413
600,122920,2.782570394505774
600,122922,2.9547475680139446
600,122924,3.028834298982463
600,122926,3.1586315587515963
600,122932,3.0540909492888635
600,123200,3.0835610246588048
600,123310,2.7147415578769527
600,123545,3.0112887655007166
600,123553,3.094235193373467
600,123947,3.0078095428495133
600,124273,3.0835610246588048
600,124404,3.1252634001960966
600,124484,3.0496621763148095
600,124851,3.0536334558842446
600,124853,3.576874497418146
600,124859,2.9381478610680007
600,125221,3.006148936795271
600,125914,3.065031077492163
600,125916,3.003480450621531
600,125970,3.02504398503322
600,125974,3.077146833743417
600,126088,3.1202494123132802
600,126090,3.4686431247495264
600,126142,3.257945580446725
600,126420,2.7989729417974796
600,126426,2.985075095428478
600,126430,2.991667103245727
600,126482,3.288776048695191
600,126548,3.059679407119674
600,126577,3.2327794917611876
600,126921,3.0527614840314943
600,127052,3.0531970658476353
600,127096,2.8700994123299437
600,127098,3.0835610246588048
600,127108,3.022198540913505
600,127114,3.000393995703486
600,127116,3.0094697676936755
600,127130,3.059915411667284
600,127132,2.9650366114601936
600,127134,3.0596317642839352
600,127136,2.959391858121558
600,127146,3.8633561038789583
600,127152,3.9576412683795246
600,127164,3.9576412683795246
600,127172,3.9576412683795246
600,127180,3.957641268379524
600,127184,2.999561912016325
600,127194,3.0906489311863767
600,127198,3.036158999505303
600,127202,3.01333526327983
600,127204,3.055364919919582
600,127212,2.936957746487042
600,127298,3.051272479670562
600,127319,2.8140991538764153
600,127323,2.8757473165641483
600,127390,3.1369559140052137
600,128087,3.100934801903404
600,128089,3.0182567404468825
600,128097,3.0835610246588048
600,128099,3.0835610246588048
600,128197,2.9283771944849906
600,128360,3.1243405281130743
600,128366,3.0835610246588048
600,128488,2.869082253148028
600,128512,2.9922527691262597
600,128520,3.0203936439506633
600,128542,2.869935893296235
600,128592,2.889369082550036
600,128594,3.0464953448675884
600,128620,3.0016473353139954
600,128695,3.8075582289349574
600,128736,3.013000925584782
600,128832,3.056561249630357
600,128838,3.058573685251034
600,128842,3.1993042946163746
600,128852,3.0835610246588048
600,128900,3.9576412683795246
600,128902,3.9576412683795246
600,128908,3.0809738098331447
600,128914,3.0835610246588048
600,128944,3.0209831655048656
600,128968,3.0425696304383556
600,128975,3.0171294021203066
600,128991,3.092077775597462
600,129011,3.0835610246588048
600,129229,2.9683054879967017
600,129250,2.8315750939644646
600,129313,3.0830720149863056
600,129333,2.969149372235207
600,129354,3.024216453712649
600,129397,3.088048819955653
600,129428,3.0546805854840913
600,129514,3.0835610246588048
600,129657,2.792800357456014
600,129659,3.0144206374623206
600,129737,3.008091044477247
600,129779,2.9566937319145077
600,129937,2.8808439881798447
600,130050,3.089426263426776
600,130052,3.0180816150284535
600,130073,3.1190179739373987
600,130083,2.9118130107700058
600,130087,3.130761168846965
600,130444,3.1783737806744736
600,130450,3.1827641652389125
600,130452,3.0451865785853136
600,130482,2.9831331316170506
600,130490,2.80439373341895
600,130498,3.0835610246588048
600,130518,3.050794177600664
600,130520,3.133060011761792
600,130576,2.976656356712663
600,130578,2.7407764607363045
600,130634,2.7990571346587783
600,130686,3.0815047057742957
600,130840,2.9921963271733314
600,130842,2.947631216441327
600,130970,3.0835610246588048
600,130976,2.9915900646718665
600,130978,3.082857620261392
600,131013,3.021856065024015
600,131023,3.9087062022702637
600,131098,3.120422622031025
600,131104,3.066143449900067
600,131130,3.0560781120356455
600,131237,3.076617323720243
600,131439,2.786839764381221
600,131480,2.853535542472916
600,131578,2.9480452986265675
600,131610,3.2228031799268493
600,131656,3.11430467058137
600,131714,2.9742034587549133
600,131724,3.9576412683795246
600,131739,3.063386979284139
600,131749,3.0835610246588048
600,131796,2.943149566863852
600,131826,3.0835610246588048
600,131920,3.043886269930648
600,131934,3.0835610246588048
600,132046,2.939968411545671
600,132084,2.7112483826651066
600,132153,3.0630471066453517
600,132157,2.946734719158536
600,132333,3.1107525910539375
600,132335,3.007030651647109
600,132362,2.949093968245305
600,132422,2.995792788428327
600,132424,2.9965504336312057
600,132454,3.046724610595267
600,132462,3.0033487608911686
600,132488,3.037910216822593
600,132496,3.031009128818637
600,132584,3.025941778017093
600,132618,2.915487672639752
600,132660,3.0801467847452035
600,132796,2.8889046262990465
600,132800,3.0232942462580232
600,132888,3.0835610246588048
600,133115,3.9576412683795246
600,133195,2.7699863696220093
600,133217,3.0329214884965743
600,133281,3.0358758387581144
600,133365,2.9480403602129397
600,133377,2.875960595015288
600,133419,3.036341369422479
600,133545,3.043285567248653
600,133645,3.01612980146522
600,133712,3.0588140437256692
600,133716,3.061918084129948
600,133771,3.0405777497166344
600,133780,3.0521298062141096
600,133782,2.968738201255695
600,133798,2.925334954731982
600,133802,2.847408798586301
600,133832,2.9444322348697
600,133867,3.004346011009326
600,133879,3.0835610246588048
600,134004,2.979330795592534
600,134019,3.309584636123832
600,134021,3.0464953448675884
600,134041,3.050042105583086
600,134095,3.083333724236991
600,134109,3.0867679843062668
600,134130,2.984201234937642
600,134158,2.7927190572675786
600,134170,3.0844965027791296
600,134184,3.0835610246588048
600,134214,3.0001693342584113
600,134246,2.780109128170864
600,134248,3.7819196347273745
600,134252,3.130761168846965
600,134326,3.0835610246588048
600,134334,3.0814333905882894
600,134368,2.969010007057776
600,134393,3.0265586378173186
600,134515,3.0842847150502335
600,134524,3.909845895808016
600,134528,3.036568522626215
600,134775,2.9828485051121225
600,134783,3.0071946125685693
600,134796,3.9576412683795246
600,134808,3.0835610246588048
600,134847,3.074407261642237
600,134849,3.1546549289980863
600,134853,3.126117238720126
600,134859,3.61129721747371
600,134861,2.991480996068152
600,134881,2.9773040519219207
600,135133,3.0432340674313907
600,135137,2.9511199553569463
600,135143,3.298221868743592
600,135198,3.05212980621411
600,135216,3.0652858778497314
600,135288,3.024946759713795
600,135436,3.10594585576398
600,135456,2.955157177118182
600,135518,2.8250446234301405
600,135532,3.1411009837728336
600,135534,3.170295657992585
600,135536,2.839842236742819
600,135567,2.8848051044968974
600,135569,2.930378031014209
600,135777,3.0764933419224576
600,135787,3.0391504090078376
600,135803,2.7509026621485306
600,135815,2.9417983303956547
600,135861,3.0166330886273487
600,135885,3.082356632123022
600,135887,3.0828080567133327
600,135937,2.913479661514908
600,136012,2.739183654643849
600,136016,3.158304310336139
600,136018,2.9619766395326397
600,136020,2.931392208433371
600,136024,2.9812571487034702
600,136297,2.992536701207192
600,136305,2.8785447716737464
600,136341,3.0669941509482084
600,136353,3.0716502299018558
600,136355,3.111518846109665
600,136359,3.1202494123132802
600,136443,3.0835610246588048
600,136445,3.0835610246588048
600,136447,3.0835610246588048
600,136449,2.9566937319145077
600,136469,3.0835610246588048
600,136471,3.159256598940997
600,136503,3.0872045069834315
600,136511,3.080256528038682
600,136540,3.0698890295830945
600,136556,3.1512184090766433
600,136562,3.021173958883891
600,136564,3.04784973250388
600,136598,3.058881994733589
600,136602,2.884347589919297
600,136654,3.0293543522929647
600,136664,2.9971206299200603
600,136666,3.012073204796371
600,136778,3.036545173271749
600,136786,2.8443653524543895
600,136800,2.9474471879352615
600,136816,2.997049402092447
600,136834,3.0694026472253597
600,136838,3.0651518460007883
600,136840,3.0464953448675884
600,136850,2.995073390492647
600,136859,2.970729019527225
600,136864,2.973588851654895
600,136912,3.1627810336172026
600,136958,3.0694026472253597
600,137218,3.0144206374623206
600,137337,3.7258307617236484
600,137345,2.841530705433105
600,137517,3.1715784061735586
600,137595,3.008683487683763
600,137857,3.11757432820433
600,137859,3.0607436188743113
600,137863,3.2004346853969396
600,138036,2.9941785675782397
600,138186,3.0131685848407685
600,138204,3.073699106610884
600,138208,2.9873979949446143
600,138210,3.0144206374623206
600,138396,3.05212980621411
600,138546,3.079820778585684
600,138610,2.871290266600175
600,138632,2.9349194493993864
600,138702,3.062989086630974
600,138798,3.05215525880478
600,138835,3.1286834423299044
600,138966,3.4066889429983935
600,139052,2.950844644273101
600,139130,3.123960309005014
600,139157,3.017368188533566
600,139385,3.044435013522186
600,139415,3.107254437137945
600,139511,3.0694026472253597
600,139640,3.4689673511752908
600,139642,2.9217430454677182
600,139644,2.9697733085904554
600,139655,3.085163245721537
600,139717,2.8296641220920384
600,139747,3.0413844578610894
600,139855,3.1853837362287596
600,139857,2.80747631839356
600,139859,2.9048541743530967
600,139915,3.0651518460007883
600,139994,3.1090078525931717
600,140016,3.0087042345044663
600,140038,3.0645963728451617
600,140110,3.0246853243327148
600,140133,3.123961357128357
600,140162,3.0098885956513923
600,140174,3.055343953028456
600,140237,2.959671941604505
600,140247,3.0237309472795206
600,140265,3.0835610246588048
600,140267,3.1053076024346855
600,140289,3.0521298062141096
600,140301,3.0452580261048694
600,140359,3.0457001702756314
600,140481,3.092077775597462
600,140523,3.0815047057742957
600,140525,2.9622656127905422
600,140541,3.092077775597462
600,140561,3.159256598940997
600,140627,3.0141279984221816
600,140711,2.935890341697804
600,140715,2.9672204294071554
600,140725,2.855352886745595
600,140737,3.1482838398142117
600,140816,3.0521298062141087
600,140850,2.9525734798886165
600,140852,2.9920222382931287
600,140928,3.012491081103056
600,140956,2.8505405790479177
600,141004,2.981786470891884
600,141131,2.991480996068152
600,141400,2.7468055806402596
600,141408,2.990232453032047
600,141422,3.024081440672312
600,141513,3.106063655474698
600,141544,2.9371520834840843
600,141646,3.0402181013336067
600,141668,3.011466037939429
600,141688,2.8751047981419076
600,141718,3.092909732471701
600,141749,2.9685380368224905
600,141799,3.053835895854636
600,141810,3.056114049712827
600,141816,3.1005207633275145
600,141818,3.1126803362864046
600,141820,3.0835610246588048
600,141830,3.0793680933293985
600,141836,3.0875175816826426
600,141844,3.1005207633275145
600,141846,3.9226813063388692
600,141866,3.1611353630299104
600,141890,2.9739992782243685
600,141928,3.088841531481129
600,141994,3.050169328062941
600,142020,3.0904369865403734
600,142056,3.0607436188743113
600,142074,2.8868045392166373
600,142115,3.9576412683795246
600,142196,3.0042338501784474
600,142222,3.0144206374623206
600,142366,2.884347589919297
600,142372,3.0184720877858693
600,142420,2.9323703353876933
600,142422,3.0143295856948216
600,142424,2.985075095428478
600,142444,3.080552103021899
600,142448,2.964975922183296
600,142456,3.092927598746008
600,142488,2.9772084960213476
600,142507,2.9687339808646636
600,142509,2.9212393705818904
600,142536,3.0073086487593015
600,142550,3.002270112779524
600,142558,3.0747415368439004
600,142598,3.052902766870725
600,142602,3.0835610246588048
600,142831,3.060550615985574
600,142961,3.0049240048823016
600,142997,3.067372706712546
600,143001,2.966176081189458
600,143031,2.9889410575079243
600,143245,3.324510753547159
600,143255,2.9309647945723656
600,143257,3.048253821811311
600,143355,3.125145168600212
600,143365,2.9396699941530424
600,143367,2.9442688016157494
600,143385,2.912591820040577
600,143410,3.33088475678933
600,143458,2.959391858121558
600,143472,2.81464664099522
600,143511,3.9576412683795246
600,143525,3.0521162865098255
600,143559,3.15937203802733
600,143859,3.0835610246588048
600,143896,3.9576412683795246
600,143969,3.0835610246588048
600,144210,3.9576412683795246
600,144222,3.0835610246588048
600,144262,3.048657029743716
600,144352,2.9447852581498144
600,144478,3.0521298062141087
600,144522,2.849129494761855
600,144606,2.947825712380424
600,144620,3.053949823441982
600,144714,2.9273619299382583
600,144716,3.0567135670379595
600,144734,3.023311692642902
600,144976,3.0281441387877086
600,145080,3.218958677912985
600,145150,3.011133693771596
600,145283,3.9576412683795246
600,145418,2.974021370839352
600,145491,2.988524202601743
600,145724,3.0668632906073907
600,145745,2.9937124647074813
600,145839,2.906827745355482
600,145935,3.1018410578113076
600,145951,2.76995704141397
600,145994,3.095108004446585
600,146024,3.077674975006243
600,146028,2.991568816660156
600,146210,3.0665247143839687
600,146244,3.024145468111615
600,146309,3.0761048827503523
600,146656,2.9476882390326087
600,146662,3.138652293793522
600,146682,3.854180463364629
600,146684,3.1202494123132802
600,146688,3.1421400541388116
600,146730,2.899603033132785
600,146986,3.082189084780471
600,147002,2.988136618734307
600,147142,3.073695298363526
600,147196,3.0656552354344018
600,147250,2.991480996068152
600,147282,3.0835610246588048
600,147286,2.991568816660156
600,147300,2.991568816660156
600,147326,2.991568816660156
600,147328,2.9482258282949063
600,147330,2.9482258282949063
600,147372,3.1253319835911952
600,147374,3.0558410082795904
600,147376,2.890367920292152
600,147378,3.0309418924177076
600,147380,3.0309418924177076
600,147382,2.8135059226277965
600,147384,2.890367920292152
600,147410,3.0502241863151753
600,147657,2.753794081166206
600,147662,2.969859589907757
600,147936,3.0388692341557695
600,148166,3.532150498285581
600,148172,2.8706213152255162
600,148238,3.0772210400997113
600,148424,3.0331451060866206
600,148482,2.9488869212271376
600,148592,3.089635572462666
600,148626,2.998475815535718
600,148632,3.0743102892120713
600,148652,3.0924444730670304
600,148667,3.0835610246588048
600,148671,2.874750249387135
600,148675,3.332262414681324
600,148709,2.827999104507159
600,148775,3.0547399893340903
600,148881,3.138221557700403
600,148888,3.0398135247046136
600,148956,2.984385495354471
600,148978,3.3737456121003824
600,148982,3.1585569831349436
600,149011,3.0480739809472084
600,149144,2.961667736410245
600,149146,2.955112714519997
600,149330,3.3763971339708565
600,149334,2.935879537442753
600,149350,3.095127836248976
600,149352,3.0638417604138075
600,149354,3.020925993576545
600,149380,3.0226366071500563
600,149406,2.9735901772985005
600,149508,3.065151846000788
600,149566,3.0651518460007883
600,149590,2.795751898058747
600,149612,2.932342851571088
600,149830,3.0260187222140082
600,149902,2.808954926516579
600,150254,3.0252392562415724
600,150401,2.781249246167697
600,150548,2.9202978193255573
600,150554,2.9965363735673947
600,150596,3.032157308063092
600,150604,3.0835610246588048
600,150696,3.924081020209254
600,150993,3.003472581524662
600,151311,3.0557477883448905
600,151315,2.9402424181048956
600,151317,3.035916354696225
600,151455,3.0389111047660085
600,151479,3.088048819955653
600,151501,2.9995904655399177
600,151557,3.0064764943611806
600,151559,2.869017619404884
600,151653,3.135482342740117
600,151687,2.970959569175636
600,151695,2.9431799840600963
600,151739,3.0835610246588048
600,151745,2.9832053887184706
600,151759,3.9576412683795246
600,151763,3.0651190026994857
600,151769,3.4102841016671395
600,151777,2.8923166917177716
600,151781,2.910622498757967
600,152037,2.991480996068152
600,152063,3.3112889221314132
600,152065,3.0540155288972426
600,152071,2.997028961779827
600,152077,2.8377924381482953
600,152079,2.7672699607561593
600,152081,3.054615716741098
600,152083,3.0598488583447914
600,152085,3.0155975711382506
600,152091,3.0835610246588048
600,152105,3.093858760422323
600,152173,3.0694026472253597
600,152270,3.014420637462321
600,152284,3.0172295426558544
600,152372,3.0694026472253597
600,152591,2.736338656693147
600,152658,3.024176308600472
600,152711,3.9576412683795246
600,152970,3.110319149510917
600,153070,3.0783711540323426
600,153236,3.4689673511752908
600,153386,3.1784271221305453
600,153408,3.1336931791086826
600,154065,3.066129946102413
600,154358,3.9576412683795246
600,154975,3.159256598940997
600,155064,3.011759044647721
600,155168,3.0835610246588048
600,155288,2.9510145520626914
600,155358,2.911502958763243
600,155509,3.0082140694775767
600,155589,2.991480996068152
600,155659,3.072344826604389
600,155743,3.0009953824692506
600,155774,3.143661348305121
600,155812,3.071904214560217
600,155820,3.0114620720172147
600,155892,3.0861625313123606
600,156025,3.1259764779594263
600,156371,3.0835610246588048
600,156387,3.0144206374623206
600,156553,3.082621779859604
600,156605,2.812421286220436
600,156607,3.094235193373467
600,156609,2.9904441292610917
600,156675,3.0540424601884877
600,156706,2.80266013245965
600,156726,2.8505237852633623
600,156781,3.0835610246588048
600,156783,3.0835610246588048
600,157108,3.100934801903404
600,157110,3.0645732224277316
600,157122,2.998012467437949
600,157130,2.9726609047104082
600,157172,3.2372927139021868
600,157200,2.9118759143519104
600,157270,2.9970086497962485
600,157296,3.086572436090721
600,157312,3.0253649790215493
600,157340,3.100965503787688
600,157369,3.0521298062141096
600,157407,2.8956817399870856
600,157432,2.8275579951417407
600,157699,2.8741056992231884
600,157775,3.1369559140052137
600,157865,3.0364349105108
600,158022,3.0835610246588048
600,158027,2.985075095428478
600,158035,3.0541263228884654
600,158238,2.8424724660555025
600,158254,2.9429433193545598
600,158388,2.9558108535512675
600,158398,3.093304735475408
600,158402,2.7509026621485306
600,158528,2.929944054729842
600,158721,2.940209332156454
600,158783,2.9832061800022123
600,158813,3.1763915141691186
600,158830,3.246897271019558
600,158842,3.927257975364173
600,158872,3.1226968099719277
600,158874,2.9417983303956547
600,158882,3.0464953448675884
600,158956,2.894265577993221
600,158966,2.9827026865000903
600,158972,2.9898206648439247
600,159061,2.864330119570662
600,159069,3.0835610246588048
600,159077,3.037784522211014
600,159093,2.934618483512694
600,159161,2.991480996068152
600,159193,3.056626291056273
600,159403,3.2230103738657356
600,159415,3.0454902679846163
600,159441,3.0510806765762024
600,159510,3.0705127997043706
600,159690,2.9827847129492975
600,159717,2.9782223210362315
600,159755,3.0740422018901885
600,159779,2.991480996068152
600,159811,3.2083285423515924
600,159817,3.62691335325385
600,159849,3.0835610246588048
600,159858,2.911110413577765
600,159976,2.9805037062478985
600,160080,2.9727341418008586
600,160271,2.957776833738744
600,160289,3.912142153178392
600,160341,2.7286348141376062
600,160400,3.01140691735793
600,160422,3.002977355910251
600,160438,2.6859459527370992
600,160440,2.8035165667271644
600,160527,2.946171275391943
600,160563,3.000518201918091
600,160565,2.8130771533570464
600,160567,3.0835610246588048
600,160569,3.0812736813755737
600,160571,2.9367578556550056
600,160573,3.196783410967657
600,160644,2.995104590044558
600,160646,3.0403476390939117
600,160684,2.7091079957698727
600,160718,3.292912758414663
600,160730,2.9190920450445166
600,160836,2.8943508369722197
600,160848,3.4368951331280595
600,160872,3.0921523552126997
600,160954,2.9288163787625856
600,160978,2.9614135742985277
600,160980,2.9182489940894434
600,161008,2.8289298953603224
600,161024,3.0835610246588048
600,161032,2.9417983303956547
600,161044,2.8542967039509852
600,161127,2.986507102902361
600,161131,2.992148563557477
600,161290,2.8819621892339304
600,161354,2.980059380902769
600,161580,3.0212458939936515
600,161582,3.0072779661905065
600,161594,3.1004526347613517
600,161634,2.849082257308093
600,161830,2.9657957147725225
600,161918,2.9657132572074922
600,161922,3.0472239201926876
600,161966,2.788394812145639
600,162082,2.76995704141397
600,162344,3.0835610246588048
600,162350,2.7498258184972064
600,162414,3.0144206374623206
600,162478,2.9790568069482064
600,162578,3.2569663202513426
600,162590,3.031036988555327
600,162598,2.9909644503118162
600,162600,3.2315609185205014
600,162602,2.917452293402625
600,162606,2.9094471670858657
600,162828,2.9440980949085156
600,162968,3.0046958784307742
600,162982,3.047202021583595
600,163056,3.099125816136193
600,163072,3.2031588982335646
600,163112,3.4689673511752908
600,163134,3.162056497360763
600,163386,3.4689673511752908
600,163527,3.0835610246588048
600,163639,3.2509508923078814
600,163645,2.9373376289184314
600,163653,3.0835610246588048
600,163809,3.103621056091912
600,163925,3.1369559140052137
600,163937,2.884347589919297
600,163981,3.112985990618884
600,163985,2.819538721255297
600,164179,2.9928888661820983
600,164200,3.1202494123132802
600,164226,3.057408841948905
600,164280,3.1844244475470656
600,164367,2.984934254871144
600,164375,3.0835610246588048
600,164540,3.6549320914291106
600,164647,3.0435894797385394
600,164655,3.908374238782709
600,164707,2.9990678189901114
600,164753,2.8267617458597374
600,164881,2.8135059226277965
600,164909,3.075817749465747
600,164917,3.88239781029077
600,165075,3.054349250309152
600,165101,2.7760754618823045
600,165103,3.043733810281552
600,165139,3.0700510884446275
600,165343,3.0114289575577713
600,165347,2.901016790952774
600,165483,3.0835610246588048
600,165489,3.0004214017876154
600,165529,2.908553561480516
600,165549,3.041868233687417
600,165551,3.0235757909239305
600,165635,2.815647342095167
600,165639,3.1528247857930447
600,165645,3.031022940595286
600,165671,3.4910370729084867
600,165843,3.9226813063388692
600,165947,3.003472581524662
600,165959,3.0857433640574503
600,165969,3.978490357588466
600,166015,3.0445977206470842
600,166024,3.00056079018042
600,166183,3.175168200039718
600,166203,3.1823578486860535
600,166291,3.054671683074225
600,166461,3.1875343157183536
600,166492,3.037498265810184
600,166526,2.9791616725307954
600,166528,3.1049789794729175
600,166534,2.9657957147725225
600,166558,2.8727421977260463
600,166568,2.746727966351597
600,166635,3.0067350898634735
600,166643,2.9304308271493924
600,166705,3.04030305910134
600,166946,2.989983029492918
600,167018,3.0835610246588048
600,167036,3.1202494123132802
600,167064,3.685098540285646
600,167296,3.001169405553107
600,167370,2.950798037827548
600,167380,2.995237315222704
600,167538,3.2221055727103236
600,167570,2.9362028490302605
600,167634,2.9853665941194323
600,167706,3.9576412683795246
600,167732,3.043147454649624
600,167746,3.060692231649222
600,167772,3.1369559140052137
600,167790,3.0441289469270996
600,167854,3.0835610246588048
600,168026,3.1049789794729175
600,168090,3.462308772601208
600,168144,3.0835610246588048
600,168174,3.0835610246588048
600,168218,3.462308772601208
600,168248,2.805963988372425
600,168250,3.0403590218396177
600,168252,2.824755014738346
600,168254,3.0605379997623134
600,168266,3.0035821014544015
600,168326,3.016334646844703
600,168350,3.010322887363766
600,168358,2.968953282544686
600,168366,3.213019668880508
600,168418,3.0932358847312242
600,168456,2.9894028547872113
600,168492,3.0180617539053287
600,168608,2.9893507473177228
600,168612,2.9242207542020897
600,168632,3.0835610246588048
600,168712,2.9836057566395473
600,168846,3.0835610246588048
600,169034,2.991480996068152
600,169180,2.8227953209256578
600,169670,3.0665372477338293
600,169904,2.745813463873457
600,169912,3.0835610246588048
600,169958,3.031297525383215
600,169982,2.938118973716252
600,169984,2.8367323751434244
600,169992,2.9415995188915858
600,170289,2.8051196242148544
600,170297,2.9566937319145077
600,170355,3.0206093777640772
600,170357,3.0835610246588048
600,170399,3.0077157419529983
600,170401,3.0536925581387964
600,170411,3.0835610246588048
600,170551,3.0613412125645754
600,170597,3.4689673511752908
600,170697,3.0144206374623206
600,170705,2.9426821793282265
600,170777,3.1202494123132802
600,170813,2.961894611816827
600,170817,2.9677173943517396
600,170827,3.018112959095442
600,170837,3.05905078593421
600,170875,2.877430472353939
600,170897,3.0728121208426837
600,170907,3.9160167732146154
600,170937,3.0524871461376115
600,170939,3.049333554400893
600,170945,2.946306076583229
600,170957,3.0862002854600754
600,170993,2.9941889287565213
600,171011,3.9583943575157003
600,171023,2.996024550227434
600,171251,3.9576412683795246
600,171495,2.991480996068152
600,171631,2.991480996068152
600,171695,3.0835610246588048
600,171701,3.0143930496627833
600,171749,2.991480996068152
600,171751,3.0835610246588048
600,171759,2.9236498068006602
600,171763,2.8234446713317713
600,171765,2.95996409143526
600,171811,3.070716540921689
600,171867,3.0208083401422874
600,171891,2.7169716178098273
600,171917,2.959391858121558
600,172013,2.9781699876493755
600,172215,3.0835610246588048
600,172229,3.0610384102887562
600,172233,2.929162086863764
600,172253,3.1234200066621796
600,172321,3.0835610246588048
600,172461,3.915436797317739
600,172497,2.991480996068152
600,172547,3.094426877492072
600,172577,3.205357956108104
600,172583,3.4509225567942754
600,172585,3.175168200039718
600,172587,3.4689673511752908
600,172589,3.4689673511752908
600,172591,2.991480996068152
600,172637,3.072938633005966
600,172705,3.335562249859796
600,172793,3.2872395339257765
600,172825,3.175168200039718
600,172875,3.11239967977161
600,172881,2.9566937319145077
600,172887,3.11239967977161
600,172909,3.437762177041287
600,173145,2.9389827238719652
600,173197,3.021684554838852
600,173205,3.057510400862218
600,173209,3.0302530571649307
600,173235,3.9576412683795246
600,173253,3.0835610246588048
600,173255,3.0835610246588048
600,173291,2.9467976056013603
600,173307,2.871847375947445
600,173317,3.9576412683795246
600,173351,3.2038384283467747
600,173355,3.4689673511752908
600,173535,2.991480996068152
600,173619,3.0645732224277316
600,173751,2.7996403242030663
600,173873,3.257945580446725
600,173925,2.833340186583675
600,173941,2.830404058773094
600,173963,3.053433659394377
600,174045,3.0285871119336223
600,174053,2.9599054328659586
600,174055,2.8811047943420522
600,174141,3.2033110001886334
600,174403,2.991480996068152
600,174479,2.884347589919297
600,174551,3.0835610246588048
600,174681,3.0835610246588048
600,174727,3.0316582695873193
600,174737,3.0820713978094703
600,174815,3.008192637313579
600,174909,3.0069622483048453
600,175197,3.124031774835797
600,175199,2.93531827802628
600,175293,3.21034793163092
600,175303,2.9962329194931514
600,175387,3.176818154308538
600,175397,3.360987280776054
600,175401,3.4689673511752908
600,175431,3.1369559140052137
600,175435,3.541283810422579
600,175475,3.0745365852877424
600,175485,2.929477756278434
600,175569,2.8414234870347994
600,175577,3.0835610246588048
600,175585,2.9095122238689957
600,175661,2.94810686623424
600,175693,3.0645732224277316
600,175705,3.0841900640832023
600,175707,3.9576412683795246
600,175743,3.0835610246588048
600,175781,3.0835610246588048
600,176051,3.4689673511752908
600,176101,3.0028486452821412
600,176329,3.0835610246588048
600,176371,2.879352992016426
600,176389,3.0997180740849894
600,176413,3.0144206374623206
600,176415,3.0521298062141087
600,176419,2.9796508833475617
600,176423,3.9490610601357035
600,176579,2.9657957147725225
600,176601,2.991480996068152
600,176621,3.097713432158544
600,176751,2.826682962401661
600,176805,3.047220667943512
600,176935,2.772825828297076
600,177185,3.0835610246588048
600,177285,3.142895641944082
600,177593,3.0035821014544015
600,177615,3.047413820215178
600,177763,2.9977873796251604
600,177765,3.099819705309536
600,177939,3.14351410563788
600,178061,3.0144206374623206
600,178111,3.4689673511752908
600,178129,3.9576412683795246
600,178323,3.9226813063388697
600,178613,3.0441110697740426
600,178615,3.043609166981972
600,178827,3.133722728518299
600,179053,2.828758191029848
600,179073,3.0835610246588048
600,179119,3.063601221986014
600,179133,3.06022144244994
600,179135,3.9583943575157003
600,179211,3.0835610246588048
600,179401,2.997537259873486
600,179427,3.0835610246588048
600,179491,2.860133680022124
600,179511,3.1335119370200104
600,179709,3.085585019395033
600,179749,3.042487849600522
600,179813,3.0144206374623206
600,179815,2.950635431899275
600,179817,3.0100467818006167
600,179819,3.0718201342622513
600,179953,3.0000513220389067
600,180031,3.1822431512615394
600,180045,2.976575016585996
600,180095,2.9977840172104004
600,180231,3.0297203898276286
600,180263,3.0810117655988316
600,180265,3.878941734835102
600,180297,3.016386363059156
600,180497,2.889492691698928
600,180777,3.9576412683795246
600,180985,2.9732252428533155
600,180987,3.0799805911618114
600,181065,3.0835610246588048
600,181139,3.0835610246588048
600,181315,3.0297053146892385
600,181413,2.991480996068152
600,181659,3.0835610246588048
600,181719,2.693063555866566
600,182293,3.118158344569694
600,182297,3.2507035638874093
600,182299,3.1304232140788457
600,182639,3.11239967977161
600,182715,2.9599656586121244
600,182727,3.1368577498364267
600,182731,2.9840538790465314
600,182749,3.0835610246588048
600,182793,3.0144206374623206
600,182823,3.032390135430811
600,183011,2.945440094897584
600,183197,3.0835610246588048
600,183199,3.799536711353685
600,183227,3.0835610246588048
600,183295,2.9261050068915053
600,183301,3.1804174984599225
600,183317,3.07454016463852
600,183611,2.9762631865274733
600,183635,2.8081957998019904
600,183897,3.1565497152421678
600,183911,3.056874581608308
600,183959,3.0835610246588048
600,184015,3.06572205456515
600,184053,2.8135059226277965
600,184245,3.9576412683795246
600,184253,2.895757362637572
600,184257,3.3191554494927242
600,184349,3.037968051968664
600,184471,3.1080208135220215
600,184641,3.1586315587515963
600,184721,2.951935862357014
600,184791,3.0835610246588048
600,184931,2.861888321268943
600,184987,3.1350070319858867
600,184997,3.0521298062141087
600,185029,2.947478624338703
600,185031,2.9821516648628568
600,185033,3.08858603384024
600,185135,2.9482258282949063
600,185435,3.003472581524662
600,185473,3.0035225700142827
600,185585,3.088048819955653
600,186587,2.9175346629549788
600,187031,2.926202892381382
600,187541,3.0000244466828527
600,187593,2.962010118921058
600,187595,2.946048444983407
600,187717,3.9576412683795246
600,188189,3.1371941195326865
600,188301,3.036195626016589
600,188675,3.0016504723174613
600,188751,3.0651518460007883
600,188797,3.0342126615997733
600,188833,3.222026328309429
600,189043,3.0424520388981837
600,189111,3.9576412683795246
600,189333,2.911502958763243
600,189381,2.805963988372425
600,189547,2.813505922627796
600,189713,3.025751653491372
600,190183,2.826488899394614
600,190207,3.017229542655855
600,190209,3.0835610246588048
600,190213,3.0144206374623206
600,190215,3.0144206374623206
600,190219,3.190732896812551
600,190221,3.9576412683795246
600,191005,3.004435677120335
600,193565,3.011907352968152
600,193567,3.0879381279085427
600,193571,3.0521298062141087
600,193573,3.1571917171994905
600,193579,3.9576412683795246
600,193581,3.14667533856805
600,193583,3.232779491761188
600,193585,2.989221042890603
600,193587,2.9881160878136885
600,193609,3.0835610246588048
